       -3.2957978784509123e-01       -1.2818802126979278e+00        2.2367201256756175e+00
       -1.6482384477534140e-01       -1.2832510245758044e+00        2.5756610017090509e+00
       -1.6484648696852844e-01       -6.4214048355033526e-01        1.2000858204306297e+00
        1.6474467167462592e+00        1.2839375305372158e+00        2.7385548898845258e+00
        6.5834592242381973e-01        3.2076984954407806e-01        1.5376950918795984e+00
        1.8085911486863893e+00        1.7627031279292993e+00        1.3651878605521972e+00
        3.2813802235153844e+00        3.8369337245889312e+00        2.0448741102807588e+00
        1.8009417392178761e+00        1.5951085693110656e+00        2.3812906467789219e+00
        1.1446481756369309e+00        1.1153157544558923e+00        1.0191083415065805e+00
        1.6333199744913429e+00        1.4324559032370843e+00        2.3745590787143556e+00
        6.5270602642719666e-01        1.5905626638712533e-01        1.6932414266999984e+00
       -3.2630863559361956e-01       -1.1138368498421869e+00        2.0287409734883965e+00
        6.5252856420308092e-01       -1.5920398033273386e-01        1.3505910260814602e+00
        3.2613126984273322e-01       -3.1847133944928885e-01        1.6861039727793070e+00
        2.1176955200747472e+00        2.2275264948344642e+00        2.0202024973361432e+00
        1.6264572834177926e+00        7.9454415933319922e-01        2.8561441554710854e+00
        1.1372098596982738e+00        9.5275908141196908e-01        2.0120166792658267e+00
        4.8704593782247230e-01        4.7609601894045284e-01        1.6751587938230728e-01
        1.1356723621929632e+00        3.1729243971305721e-01        2.8441979156582420e+00
        6.4847340135330001e-01       -1.5863573293053435e-01        2.0036181084456928e+00
        4.8612518388111425e-01       -6.3475272572297570e-01        2.4998273049810393e+00
        1.6199797527107762e-01       -1.5874065768208823e-01        9.9847461037327889e-01
        0.0000000000000000e+00       -6.3517270240467383e-01        9.9764450806532068e-01
        0.0000000000000000e+00        3.1762837665638699e-01        0.0000000000000000e+00
        3.2393035694120442e-01        0.0000000000000000e+00        4.9851139676952982e-01
        2.4266944569209414e+00        2.3795367701914927e+00        2.6552354907529718e+00
        4.5167414529526440e+00        5.6917102752155557e+00        1.9875780941422505e+00
       -3.2206119356033014e-01       -1.1046091910227318e+00        9.9255588785318594e-01
        3.2206119356033014e-01        3.1570639487519259e-01        9.9173559363663344e-01
        2.5733825704467250e+00        2.3651541721360303e+00        2.6406282145078563e+00
        2.0868174612299839e+00        2.6748847370193118e+00        9.8873941325656745e-01
        1.2823939238089110e+00        1.7276359243510342e+00        6.5870730348969175e-01
        2.0809716413559443e+00        1.8818613370573445e+00        1.9739552086473822e+00
        1.9176991696149059e+00        1.5659665539544676e+00        2.9548578541700010e+00
        3.1893706482254203e+00        4.2179305289334224e+00        1.4747049032870052e+00
        1.7505473563922180e+00        2.4925362719770305e+00        6.5484312675430090e-01
        1.9067800622142528e+00        2.3320600719195284e+00        1.1451163025608224e+00
        2.6960957617628623e+00        4.0315324132507158e+00        4.9042981406088870e-01
       -1.5842629899580629e-01       -1.0840808635602883e+00        1.1435573665096399e+00
        1.5833225677411633e+00        2.7856602656541440e+00        0.0000000000000000e+00
        4.7374716091013624e+00        5.8596878191593760e+00        2.7726821713674354e+00
        1.4176020549971469e+00        1.0763022055385818e+00        2.2785847074086263e+00
        2.3589549566260359e+00        2.6098647785108398e+00        2.1119615550983184e+00
        5.7990056039237459e+00        8.7095308159135243e+00        8.1130420235915324e-01
        7.8150442358335681e-01        1.5223596595070887e-01        1.7829408291092363e+00
        3.5883794534974811e+00        3.9513713514111259e+00        3.0733992671276411e+00
       -1.5588466728367223e+00       -1.2144213560201678e+00       -1.9401782722869854e+00
       -7.8018337056811049e-01       -3.1937158449707681e+00        3.2318899147725233e+00
        3.5846510193984216e+00        3.9528732056467675e+00        2.4182180548713461e+00
        2.6426592712727626e+00        3.6372849267163332e+00        1.2877264817230838e+00
        4.4946775182211240e+00        4.2296116295759134e+00        4.8167043530447984e+00
        5.2482718079833290e+00        8.1152469586015741e+00        9.6102514479667889e-01
        2.0006416945729910e+00        1.7959594272756618e+00        2.3992010657796214e+00
        6.1491161991185095e-01       -5.9835453745371581e-01        2.7133083316218887e+00
        7.6819668457872581e-01       -4.4896178113020824e-01        2.5481097829178623e+00
        2.9146706563221159e+00        2.5418986515315822e+00        2.8601708455671115e+00
        1.5320778827145887e-01       -1.9433202627638479e+00        3.4865317711989974e+00
        0.0000000000000000e+00       -2.2462101772873666e+00        3.3186298888612242e+00
        1.3779905820452854e+00        5.9940061186374294e-01        2.5223340868464561e+00
        7.6268211482748427e+00        9.1039551143602182e+00        5.8126709189174619e+00
        1.3676946962736025e+00        0.0000000000000000e+00        2.9739792173604229e+00
        2.7307217852140298e+00        2.3765325257404157e+00        3.2784772880724233e+00
        3.3291320217589515e+00        4.2955054198593245e+00        2.0250540276688156e+00
        1.2083072134817741e+00       -4.4365026076853553e-01        3.5744376619927465e+00
        1.5095289031776815e-01       -1.3319357598547299e+00        2.4803005858977656e+00
        2.5632980783861115e+00        1.6277208242076568e+00        4.0195863401812915e+00
        1.9564812761863948e+00        2.0684565574565994e+00        1.5424166647967752e+00
        2.4036062117236412e+00        2.6542158768833701e+00        2.1560580748790414e+00
        2.0992133305369975e+00        1.4720315879259260e+00        2.7663946677989770e+00
        0.0000000000000000e+00       -1.9139934123320046e+00        3.0663105990409889e+00
        1.9459868295008675e+00        1.7668714848507960e+00        1.9889084683072156e+00
        5.6702418359343199e+00        7.6265228594454726e+00        3.0534367619939218e+00
        3.7158635005379637e+00        4.9604933858542921e+00        1.9805755781511891e+00
        3.4084616926094213e+00        3.7795306834759401e+00        2.7369499953909582e+00
       -1.3325931408321168e+00       -4.2163973832824553e+00        2.7307217852140298e+00
       -5.9273895994031989e-01       -2.1867223447724626e+00        1.6657205021783028e+00
        1.9253321007724367e+00        1.6039859001526935e+00        2.2677172103069410e+00
        2.0699857276763822e+00        2.4746778952817294e+00        1.8110932880620823e+00
        2.8035672143641222e+00        2.7597906009173556e+00        2.5610454765189417e+00
        3.0910780661177029e+00        3.0429286365169617e+00        3.1561167921044131e+00
        1.0285924832313498e+00        4.3407488264932681e-01        1.9496348724022283e+00
        1.0277115695139116e+00        8.6767899658930503e-01        1.1982027955074415e+00
        5.8686882206586688e-01       -4.3376107466706060e-01        2.0939803393936529e+00
        4.1000650014812123e+00        3.3215016091393323e+00        5.0702200444113998e+00
        1.7528913646405186e+00        7.2085062538924660e-01        3.4177473416068693e+00
        3.6436537376541622e+00        4.6032183035279672e+00        2.3718352378836016e+00
        3.3424181463860947e+00        3.2976901092549582e+00        3.2536376846550752e+00
        3.3331342002046682e+00        5.1434773352038832e+00        1.0334010603592958e+00
        1.3017538792386318e+00        0.0000000000000000e+00        2.8004680154644745e+00
        1.5891171888323896e+00        1.4248398729325373e+00        2.2062885420758960e+00
        2.7398918350151291e+00        2.7025436658423274e+00        2.6422029023301263e+00
        7.1998562188682058e-01       -9.9496600310722272e-01        2.6363979846497188e+00
        3.3063812472093446e+00        4.8249828485978696e+00        1.7543862773994334e+00
        0.0000000000000000e+00       -1.8425563178340099e+00        2.4809981473687515e+00
        1.4347204004614866e+00        0.0000000000000000e+00        3.0576974621972397e+00
        5.7340820586979646e-01       -4.2560738165668965e-01        2.3244559326204950e+00
        2.7199534460411456e+00        3.4006398953739136e+00        1.7403918931751861e+00
        4.2821503748886158e+00        5.3647148173684656e+00        2.8950556864614896e+00
        2.9884391371520991e+00        3.9376573478122623e+00        1.1560694535763361e+00
        1.1364982499788567e+00        2.8076743225931011e-01        2.3088030210264066e+00
        2.2697725173536298e+00        3.0841138471785712e+00        1.5847292056427875e+00
        3.8205326771269199e+00        4.8902669995950276e+00        2.1576271920086043e+00
        2.9631386682865468e+00        3.3418448147138236e+00        2.4406301408365749e+00
        5.0627052709998566e+00        7.0706691772013386e+00        2.0062101639695129e+00
        1.4025247038365052e+00        1.2434518411559736e+00        1.7169431807058544e+00
       -1.9639938917613620e+00       -4.5656364523971149e+00        1.8572537786813115e+00
        9.8239874500372082e-01        1.3860814338322314e-01        1.9969100055725164e+00
        3.2222306442807991e+00        4.5651101226408031e+00        1.4243325114335903e+00
        1.9571299771619977e+00        1.7936191899170950e+00        2.2754213975854753e+00
        2.0933889125863914e+00        2.0662347985091145e+00        2.1292961167350910e+00
        4.4537281465217404e+00        6.7250133119781452e+00        9.9237999630545914e-01
        3.1909377724776533e+00        3.5531286635496429e+00        2.8308576468752733e+00
        2.0764843388647591e+00        1.9088743941125585e+00        2.2598876735578699e+00
        3.4528423431112287e+00        4.2160183901192028e+00        2.2556397618938462e+00
        1.6538419983145758e+00        1.7636089319903903e+00        1.4076247948356269e+00
       -1.7917651063338980e+00       -4.6180023036683338e+00        2.3891792163514225e+00
       -6.8985342515013315e-01       -2.7247968110621912e+00        2.3844318522666441e+00
        1.5171543886314254e+00        4.0911415817639352e-01        2.9389483464033361e+00
        1.3775687427212802e+00        1.0902896831808562e+00        1.6761730114417617e+00
        3.0250961362447981e+00        1.9056265347710877e+00        4.5974398836349906e+00
        1.7839788293400716e+00        1.2234495537253309e+00        2.7777790181424677e+00
        2.6025921964766496e+00        3.2564470459160333e+00        1.3864819566663300e+00
        5.1883116435444521e+00        5.5427350275532916e+00        4.9781126934778541e+00
        2.5857679412609968e+00        2.8290779311852532e+00        2.2058829741009589e+00
        1.7660047337468399e+00        2.0166942173005964e+00        1.6517552504680566e+00
        2.4409546217459166e+00        2.6836643187806430e+00        1.7868395718895869e+00
        1.0832769862265224e+00        5.3601340924736007e-01        1.6470321698044188e+00
        2.5688703405034374e+00        3.4782633048138223e+00        1.6447746721190981e+00
        4.1795447004091102e+00        5.1985640869613547e+00        2.4629427118135538e+00
        7.1121259346927701e+00        1.0198174066019661e+01        2.8670586481077009e+00
        1.7380650356152216e+00        1.3181020657423659e+00        2.4520385419020130e+00
        5.3321571847902760e+00        6.1757595931769771e+00        4.0756294130794402e+00
        1.5950378954496358e+00        1.5717094584765334e+00        1.7618163422230992e+00
        5.6982051744931539e+00        6.5267211911194778e+00        4.1908452441418831e+00
        2.5092178844939639e+00        4.0288119285673218e+00        5.3968968753181912e-01
        6.9717926989952161e+00        9.0478670776747094e+00        3.9055081889721066e+00
        5.4961928142901684e+00        7.5734326366514892e+00        2.8202128139433569e+00
        3.6501929285815748e+00        4.7251697300648487e+00        1.7425303257422087e+00
       -2.3452776194794467e+00       -5.7492790305420982e+00        2.5422320931589582e+00
        1.0429115268067335e+00        5.1216390022048586e-01        2.0032278871664033e+00
       -1.6951918059543658e+00       -4.8744054195115183e+00        2.7989128032931632e+00
       -4.9689511992372815e+00       -1.0456738750552219e+01        2.7923997308821669e+00
       -4.5949402458795419e+00       -9.5026802381166675e+00        2.1231897610100248e+00
        7.8895466352726373e-01        2.6135250021646073e-01        1.4575168798963034e+00
        1.8388795192148422e+00        1.9583315013711911e+00        1.8524648071782224e+00
       -1.3131977672966144e+00       -2.4810934351453540e+00        2.6440454001388503e-01
        1.7068770315852078e+00        3.9209279878349435e-01        3.4319680196414737e+00
        7.8697128189446630e-01        3.9196472665992133e-01        1.5806807993552496e+00
        3.2735030393208575e+00        4.9538364757868436e+00        7.8956028728534022e-01
       -1.9630300467905926e+00       -4.1702909043639380e+00        1.0519395808422871e+00
        3.0086678430464531e+00        4.0401884485525841e+00        1.5761823632100658e+00
       -7.8414291616191178e-01       -2.6050156762337906e+00        1.8362666169213782e+00
        2.6143790953021551e-01       -1.1741045672209793e+00        2.0951554864058863e+00
        2.4808234721184874e+00        3.3887282213598269e+00        1.1769193990851079e+00
        5.2162574174943188e-01       -2.6033192422261209e-01        1.8284722736662928e+00
        3.3850516099700911e+00        5.4551452317252114e+00        5.2190932648272792e-01
        5.1993068404350140e-01        0.0000000000000000e+00        1.0431381728260192e+00
        4.0218427830314596e+00        6.3331505715179759e+00        1.1724475773924325e+00
        4.0084084466776915e+00        5.7868622032099637e+00        1.4314375714597816e+00
        7.7427683082014198e-01        8.9767570309575717e-01        6.5008940319017938e-01
        9.0269199893739938e-01        3.8451268686827689e-01        1.4289582202756890e+00
        1.6746285794354776e+00        2.0486560673621312e+00        1.2975779811036148e+00
        1.1579907616031448e+00        6.3948842440737508e-01        1.6847564730760212e+00
        1.2853471665920324e+00        1.0224731686871991e+00        1.9410151425592659e+00
        2.0536960836768259e+00        1.5320780887385865e+00        2.5831459764887654e+00
        2.3062146752380386e+00        3.3128073705047001e+00        9.0278901565845615e-01
        4.0890253600082360e+00        6.3451924488894917e+00        1.0309278984589554e+00
        5.8536701441195049e+00        8.3246076960882931e+00        2.5734515545920544e+00
        2.7895194302910653e+00        2.7620853374759946e+00        2.6961975714254294e+00
        4.1721582353492437e+00        5.6299952095709926e+00        2.3062146752380386e+00
        4.4092223246032347e+00        5.2309371881541722e+00        3.0680745380283980e+00
        7.5424263953820514e-01        8.6961026632970118e-01        6.3819604759061122e-01
        1.2566102948809998e-01       -7.4534163886887939e-01        1.5302871361821957e+00
        2.7612186641860603e+00        2.8546323644459193e+00        2.4189706350455253e+00
        1.8790128584790011e+00        2.2293328736100904e+00        1.5252623597813653e+00
        2.7505742403253208e+00        3.7063758487803966e+00        1.3964561216237570e+00
        2.9934533764265581e+00        3.9408902414280078e+00        1.5215555715631268e+00
        2.6131601553782247e+00        3.1924709303162047e+00        1.7727132062070439e+00
        1.1181861346443611e+00        7.3551948364638520e-01        1.6437492691874667e+00
        5.4517388555009205e+00        7.3305053859851199e+00        2.9026674509506023e+00
        3.4564369128879946e+00        4.6195984515957633e+00        1.6375376498000804e+00
        3.6923106053762922e+00        5.3268852606450423e+00        1.6353060867164260e+00
        3.1908384519493183e+00        3.6184568577308340e+00        2.6369497347907611e+00
       -1.3489347902492455e+00       -2.5317736823975423e+00        3.7623452259900603e-01
        0.0000000000000000e+00       -1.6908215357744893e+00        2.3800832480176837e+00
        2.4514819557605705e+00        3.0176548618864985e+00        1.3757883626954737e+00
        4.0340281457908134e+00        6.0126390948116892e+00        1.3742128408278376e+00
        3.4122090626077295e+00        4.7885139359593154e+00        1.4973486397398261e+00
        1.7024729243921399e+00        1.5521618004051163e+00        1.8690622126527501e+00
       -8.5093454409062019e-01       -2.0301542385112725e+00        7.4681052094085487e-01
        1.0939479106564676e+00        0.0000000000000000e+00        2.9826030267741999e+00
        2.7911222574644512e+00        3.4611392038733868e+00        1.7364344115186725e+00
        1.6957709494054285e+00        2.6190486586962436e+00        1.2393493427040880e-01
        1.5725016110430090e+00        9.5096587443386227e-01        2.5996812148257220e+00
       -1.0884354487711079e+00       -1.1888251418127993e+00       -7.4219155030554873e-01
        4.8387097429838377e-01       -5.9485452068237521e-01        1.7310667607777219e+00
        1.6920135747188425e+00        2.0213034256478579e+00        1.3583742124531284e+00
        1.9308129668406337e+00        2.4922127338069089e+00        1.1102545125076801e+00
        7.2325466780078784e-01        2.3708386918954716e-01        1.4787432555177560e+00
        9.6366196706654250e-01        5.9250482613890654e-01        1.2308955843835179e+00
       -2.1693287016653073e+00       -3.4406074289350386e+00       -3.6913612185500710e-01
        1.2062119927733761e-01       -1.7835029292463389e+00        2.8271459939777088e+00
        2.4098813200126301e+00        3.4457175019387165e+00        9.8179592304283858e-01
        8.4231640460217250e-01       -1.1865328530902275e-01        2.0836530438192113e+00
        9.6192389920410903e-01        2.3729483961041353e-01        1.7132370848095491e+00
       -3.6063110714756874e-01       -1.4244734089363220e+00        1.1000764712360223e+00
        3.6063110714756874e-01       -9.5058921695319043e-01        2.4410097920803508e+00
       -1.0822186213736984e+00       -9.5134283052260571e-01       -1.4640099416538987e+00
        9.6202029403329448e-01        5.9467764733547313e-01        1.4640099416538987e+00
        0.0000000000000000e+00       -3.5677122308293008e-01        4.8760667066716223e-01
        6.0087127588630551e-01       -2.3790642425254305e-01        1.5833547082745980e+00
        1.2008406886220513e+00        1.6643553292180258e+00        8.5171106237069694e-01
       -1.3209908764572731e+00       -3.0927852171600989e+00        7.2955722178242866e-01
       -8.4138832514994988e-01       -3.1007769191099044e+00        2.3073427136058200e+00
       -3.3714651918590022e+00       -6.8260250922548948e+00        1.3338050178330008e+00
       -1.9308129668406337e+00       -8.0735355000264519e+00        5.6823440015900673e+00
        4.4602994743300428e+00        5.9098566608120962e+00        2.5302484398284975e+00
        2.2839976842540466e+00        4.5631997347161501e+00       -4.8154093744052773e-01
        1.2003602081229303e+00        1.6768143261401747e+00        8.4256987262207872e-01
        2.2773816953751691e+00        2.3913917838502385e+00        1.9236553563374059e+00
        4.7889853972975516e-01        4.7770701267779714e-01        6.0051044640054840e-01
       -1.0777906018685002e+00       -1.9119701316284932e+00       -1.2007805083271705e-01
       -7.1906523673632705e-01       -2.8736792819184842e+00        1.9198084286756512e+00
       -7.1949637410746448e-01       -2.2798866914971683e+00        1.4378434071712576e+00
        9.5923266498623150e-01        2.4019215452533160e-01        1.6753094065315111e+00
        3.5951465790411419e-01       -3.6030626302796520e-01        1.3146756954625971e+00
       -2.3988013985011492e+00       -5.0556800631646581e+00        1.1939111521115819e+00
       -3.2460070887196935e+00       -6.7742115383861545e+00        1.1927244794666336e+00
       -7.2252887280654932e-01       -1.5780691161996430e+00        3.5758629517168572e-01
        2.6471483711763000e+00        2.9117393721946883e+00        2.1432829670647635e+00
        1.2018628884753468e-01        1.5742471605335595e+00       -1.4284298879420732e+00
        2.8808656429244905e+00        3.9869153211348873e+00        1.3094589861442074e+00
        2.5150964843547285e+00        3.6130095539430584e+00        1.4268729386280654e+00
        2.3925830006490401e-01       -6.0141333389331919e-01        9.5030691959117064e-01
       -2.3925830006490401e-01       -1.0833041510078800e+00        9.4955494568935706e-01
        1.5543269248293967e+00        1.3239056555729434e+00        1.6599152928357341e+00
        2.5065906562595330e+00        3.1234375427722227e+00        1.7759363904460201e+00
        1.3108894495942991e+00        8.3953828820391152e-01        1.8914396586588111e+00
        3.5678916274047623e+00        4.9055355218431629e+00        2.0063933860299699e+00
        4.1491767689436188e+00        7.2615667250133242e+00        2.3582588264901005e-01
        2.1282890592193127e+00        2.1343879144769318e+00        2.1203500166738110e+00
       -1.0636726948469288e+00       -2.8466950188906992e+00        1.0587716975269501e+00
        2.1264033916111202e+00        2.3748268432939312e-01        4.8115071062433401e+00
       -1.5353577213851111e+00       -1.5444782093457121e+00       -1.6407854885628126e+00
       -4.7281324488785970e-01       -2.0227063437666004e+00        1.8750003814702154e+00
        9.4544026950877935e-01       -3.5730236976796448e-01        2.2227644668731728e+00
        2.1245210624556421e+00        2.4988853296108005e+00        1.4017328567483389e+00
        2.5915392422373174e+00        3.6793461394999838e+00        1.4000973878040668e+00
        3.5295848090122206e-01        2.3677987161363490e+00       -2.3344040043447478e+00
        3.6411714913917592e+00        4.2502996027760531e+00        3.0338405891356501e+00
        1.2893774134269620e+00        1.4134277252470184e+00        1.0483910777018934e+00
        3.6262639088143089e+00        5.0511552237399115e+00        1.7452856133168382e+00
        0.0000000000000000e+00       -1.6422289953084146e+00        2.2070573957840622e+00
        1.7507176183162443e+00        3.5209545951673249e-01        3.3608597950294694e+00
        1.7481671619901107e+00        2.8130507119321635e+00        8.0983372560226030e-01
        4.5333516404021168e+00        5.4898621082358545e+00        3.0031780040854272e+00
        1.5073193923495154e+00        3.1424294181043422e+00        3.4603739366083630e-01
        1.9682574724797064e+00        1.7422448978262395e+00        1.4983433728826157e+00
        1.2718602144524027e+00        1.1600928977760105e+00        1.0362197813471141e+00
        3.2313926047010000e+00        5.3220295487282243e+00        9.2033366604908906e-01
        2.4178468242165962e+00        3.2279777366508000e+00        1.1494253752381667e+00
       -1.1502516184229705e-01       -1.1513552419515349e-01        0.0000000000000000e+00
       -3.4558918001000194e+00       -6.5810527191352719e+00        3.4461303065569382e-01
        2.3070268262905813e-01       -4.6318634175399609e-01        1.0332456988521699e+00
        1.4984872990879694e+00        2.4297361625070124e+00        6.8833653894948554e-01
        2.4166874626924795e+00        1.6170952490476509e+00        3.2070268205266927e+00
        3.7878457009238531e+00        1.8454444236898127e+00        6.6159863403875363e+00
        5.7287440816828905e-01        2.9928073066837868e+00       -2.5052201165809862e+00
        5.7260105109051551e-01       -1.7257085568438413e+00        3.9831228186649525e+00
        1.1443830735696991e+00        1.0357229125343537e+00        6.8149552233869315e-01
        9.1472134014694007e-01       -3.4514165426564603e-01        2.1555193694627661e+00
        7.9980959875847191e-01        0.0000000000000000e+00        1.5858035156618655e+00
        7.9927687430831895e-01        2.3010546570993995e-01        1.6967528867347426e+00
        1.3689515697024035e+00        1.9541170082892023e+00        4.5206254066307849e-01
        1.5951388600250027e+00        1.7215822378016554e+00        1.5808791220244700e+00
        7.9677498777357414e-01        2.4060732746999491e+00       -1.2419439411239352e+00
        1.1378182343939613e-01       -1.0305835835495714e+00        1.8060392836225958e+00
       -3.0759023818959008e+00       -5.1662361546249258e+00       -5.6409534249866056e-01
       -1.9407320027106323e+00       -6.4603117001666988e+00        3.8306294851459199e+00
       -2.1727742153743179e+00       -3.7072823462153792e+00       -3.3750527574518685e-01
        2.5154844847321556e+00        3.0130387630670441e+00        2.6973880421937935e+00
        2.3962352849011381e+00        6.5791536899357794e+00       -3.4852697006613198e+00
       -5.5986771397918744e+00       -1.0056409093220964e+01       -3.3782198881269210e-01
       -5.7276503402228229e-01       -1.1613278754076362e+00       -4.5057730746158597e-01
        1.3741770754489124e+00        1.8575855102579197e+00        1.1261262087710833e+00
        1.2582814174194823e+00        2.3199613412003828e-01        2.4737639944952150e+00
        1.4853608180722233e+00        9.2753627806416716e-01        2.2444596461848931e+00
        1.3286154174350528e+01        1.9884560147373520e+01        4.0294786486096967e+00
        1.0159447481385087e+00        1.3671320191345870e+00        7.8194091665970689e-01
        2.1419518111283509e+00        2.7296002670706088e+00        1.3392858533059382e+00
        2.0256968141520559e+00        3.2900044243525883e+00        4.4609665941273136e-01
        1.7977531452263662e+00        2.2637244970088233e+00        1.2259114137926019e+00
        3.3635451340430222e+00        4.6273276242811079e+00        2.3369043412753143e+00
        7.2554985927318683e+00        1.1546634933069555e+01        4.4460911957209248e-01
        3.6668392808078210e+00        4.3431906721821179e+00        2.2205779837687345e+00
        2.5490658396055466e+00        7.7788584471427669e-01        4.5393789426338316e+00
