       -4.9433574334543096e-01        1.0878716020588541e+00
       -1.6482384477534140e-01        1.2420754117066224e+00
       -1.6484648696852844e-01        3.1031807775683262e-01
        1.6474467167462592e+00        1.5503878125631587e+00
        6.5834592242381973e-01        4.6472601110174594e-01
        1.6442863630523163e+00        1.2383902027867322e+00
        3.4456850091494573e+00        1.0825440517656659e+00
        1.6373314042450460e+00        1.5447993894468937e+00
        1.3082585106097611e+00        6.1736335766866546e-01
        1.4700879807691081e+00        1.6961133565757791e+00
        6.5279479374069638e-01        1.3859481810122531e+00
        0.0000000000000000e+00        1.3843493171517451e+00
        3.2626427607169717e-01        1.5362951784709367e+00
        4.8923014878923254e-01        1.3809860228825244e+00
        2.1176955200747472e+00        1.9919560214663790e+00
        1.4639107203507251e+00        1.8357984202527433e+00
        1.2997564227653413e+00        1.5276895761580533e+00
        4.8704593782247230e-01        4.5792788191683087e-01
        1.1356723621929632e+00        1.9823373209998607e+00
        4.8638790100490326e-01        1.3704715657471667e+00
        4.8619083655161432e-01        1.2168843735167911e+00
        3.2401782294897430e-01        7.5992656583103724e-01
        0.0000000000000000e+00        7.5944563005663213e-01
        0.0000000000000000e+00        1.5183146727402175e-01
        3.2393035694120442e-01        7.5886931005584302e-01
        2.4266944569209414e+00        1.5163004291938620e+00
        4.3557216606945559e+00        1.3630341592943296e+00
       -3.2210441744879859e-01        7.5657275061509210e-01
        4.8312420970688663e-01        1.0584011270140081e+00
        2.5733825704467250e+00        1.6613179923623989e+00
        2.0868174612299839e+00        9.0520497126149735e-01
        1.2823939238089110e+00        0.0000000000000000e+00
        1.9210249566803839e+00        1.3565284368652897e+00
        2.0776458542904663e+00        1.8063224685157309e+00
        3.1893706482254203e+00        9.0214263113708171e-01
        1.7505473563922180e+00        4.5081711130663393e-01
        1.9067800622142528e+00        4.5064781151751276e-01
        2.6960957617628623e+00        6.0060061313862434e-01
       -1.5842629899580629e-01        7.5032829306351800e-01
        1.5833225677411633e+00        3.0000000156285012e-01
        4.7374716091013624e+00        2.0979026322351046e+00
        1.4176020549971469e+00        2.9940119915785601e-01
        2.3589549566260359e+00        2.3925241570331934e+00
        5.7990056039237459e+00        1.0452311990391649e+00
        7.8150442358335681e-01        1.6406689523623896e+00
        3.5883794534974811e+00        2.2336669599990699e+00
       -1.5588466728367223e+00       -5.9523810744259720e-01
       -6.2410611210559352e-01        7.4400151183553476e-01
        3.4285737609359046e+00        1.3380413949050762e+00
        2.6426592712727626e+00        1.6333603957129128e+00
        4.4946775182211240e+00        2.8160329109180537e+00
        5.2482718079833290e+00        1.3316073125256622e+00
        2.0006416945729910e+00        2.3636595109742586e+00
        7.6859030360729719e-01        2.6535637348587215e+00
        6.1451800088327957e-01        2.2068295314188191e+00
        2.7614433050317189e+00        2.0560523938232933e+00
        3.0643513956185586e-01        2.7847340741306681e+00
        0.0000000000000000e+00        2.3400373045944889e+00
        1.3779905820452854e+00        2.1896484391866977e+00
        7.7788642273510789e+00        4.9484606206348758e+00
        1.2156516171973664e+00        2.0316850904684713e+00
        2.7307217852140298e+00        2.0282511166879402e+00
        3.3291320217589515e+00        1.4466547864188328e+00
        1.2083072134817741e+00        2.1667174108060294e+00
        1.5095289031776815e-01        2.0187459699755550e+00
        2.7139099392677224e+00        2.8780443103915587e+00
        1.8058694153047838e+00        1.4364378061863192e+00
        2.4036062117236412e+00        1.2913255266582269e+00
        2.0992133305369975e+00        1.8627981530425330e+00
        0.0000000000000000e+00        2.4316117742785082e+00
        1.9459868295008675e+00        1.5707743065110691e+00
        5.6702418359343199e+00        1.5687208841701050e+00
        3.7158635005379637e+00        1.2819753133314293e+00
        3.4084616926094213e+00        2.2756910933019014e+00
       -1.4807504346808997e+00        1.4201185089362411e+00
       -4.4458166609153693e-01        1.8436451064900439e+00
        1.9253321007724367e+00        1.5577980590968821e+00
        2.0699857276763822e+00        1.4144273207573832e+00
        2.8035672143641222e+00        1.1303427186877713e+00
        3.0910780661177029e+00        2.3984488614679833e+00
        1.0285924832313498e+00        1.4086161964918631e+00
        1.0277115695139116e+00        8.4437672066073333e-01
        5.8686882206586688e-01        1.5464825525064896e+00
        4.1000650014812123e+00        3.5073386750031688e+00
        1.7528913646405186e+00        2.7985087310273826e+00
        3.6436537376541622e+00        1.1175786605221560e+00
        3.3424181463860947e+00        2.7894015349378520e+00
        3.4778432748446164e+00        6.9633844001231182e-01
        1.1570448045986836e+00        2.2255715200561355e+00
        1.7334780912623415e+00        1.3888890439339718e+00
        2.5955309325851772e+00        2.0803241269074846e+00
        5.7602305198223291e-01        1.2464655745915820e+00
        3.4503438171139322e+00        9.6857889374994954e-01
        0.0000000000000000e+00        1.6586042723414351e+00
        1.4347204004614866e+00        1.9321453282906020e+00
        5.7340820586979646e-01        1.2404526459203424e+00
        2.7199534460411456e+00        5.5090096227559116e-01
        4.2821503748886158e+00        1.5136748753192819e+00
        2.9884391371520991e+00        9.6225447621414162e-01
        1.1364982499788567e+00        1.7849994709592920e+00
        2.2697725173536298e+00        8.2295122667588316e-01
        3.8205326771269199e+00        1.2333696055218724e+00
        2.9631386682865468e+00        1.6425233544236306e+00
        4.9223626008213728e+00        1.2304187919347953e+00
        1.5428673740149890e+00        1.6385983429110240e+00
       -1.9639938917613620e+00        1.5000854274621389e+00
        9.8239874500372082e-01        1.2259493659502851e+00
        3.2222306442807991e+00        6.8054218349828943e-01
        1.9571299771619977e+00        1.0880653584628419e+00
        2.0933889125863914e+00        1.9017436626853623e+00
        4.4537281465217404e+00        1.2209599154047623e+00
        3.1909377724776533e+00        1.7614184837078994e+00
        2.0764843388647591e+00        2.1643563527145915e+00
        3.4528423431112287e+00        1.4857337707478990e+00
        1.5161088561260527e+00        8.0962557889598941e-01
       -1.6540319641453749e+00        2.1563348120423598e+00
       -6.8985342515013315e-01        1.6147120624289357e+00
        1.5171543886314254e+00        1.8810887291682121e+00
        1.3775687427212802e+00        1.7440888530515508e+00
        3.0250961362447981e+00        3.3469090698464043e+00
        1.7839788293400716e+00        2.1371332451927572e+00
        2.6025921964766496e+00        1.0671410218613175e+00
        5.1883116435444521e+00        3.1957409033807949e+00
        2.5857679412609968e+00        1.9930248726851119e+00
        1.7660047337468399e+00        9.2894668725307383e-01
        2.4409546217459166e+00        1.7232811577983398e+00
        9.4792083019790141e-01        9.2689659780873512e-01
        2.7042264965320584e+00        1.0584344677372570e+00
        4.0449476501869697e+00        1.8500168844283849e+00
        7.2467229849149106e+00        2.3744099205533331e+00
        1.7380650356152216e+00        1.7119344467257491e+00
        5.3321571847902760e+00        2.7602838174367150e+00
        1.5950378954496358e+00        1.0498688333711925e+00
        5.6982051744931539e+00        2.8824121294068306e+00
        2.5092178844939639e+00        3.9252031097340989e-01
        6.9717926989952161e+00        2.4829848227231111e+00
        5.4961928142901684e+00        2.2172714313310138e+00
        3.6501929285815748e+00        9.1180465716647063e-01
       -2.4757053137552276e+00        1.9515372653749807e+00
        1.1733392210825144e+00        1.8185757972876360e+00
       -1.6951918059543658e+00        2.2045718633673772e+00
       -4.9689511992372815e+00        1.9418527350890002e+00
       -4.5949402458795419e+00        1.1636051119147339e+00
        7.8895466352726373e-01        7.7511037251873915e-01
        1.8388795192148422e+00        1.5487203698405949e+00
       -1.4445966176879210e+00        6.4471070158766963e-01
        1.8382758819765144e+00        2.1894291021315126e+00
        7.8697128189446630e-01        9.0036983697707740e-01
        3.2735030393208575e+00        3.8566608077346132e-01
       -1.9630300467905926e+00        5.1402870779604370e-01
        3.0086678430464531e+00        1.2841092718133496e+00
       -7.8414291616191178e-01        8.9805959181603612e-01
        2.6143790953021551e-01        8.9738800186651702e-01
        2.3503816001490208e+00        7.6865594599908604e-01
        6.5206761371889854e-01        1.6637340690984104e+00
        3.3850516099700911e+00        6.3928401703741145e-01
        5.1993068404350140e-01        6.3894362832179752e-01
        4.0218427830314596e+00        7.6628355094321421e-01
        4.0084084466776915e+00        1.0209508219798380e+00
        7.7427683082014198e-01        7.6514349032237305e-01
        9.0269199893739938e-01        1.2741559914438483e+00
        1.6746285794354776e+00        1.4000107649405180e+00
        1.1579907616031448e+00        1.1442497026351361e+00
        1.2853471665920324e+00        1.2701101947776294e+00
        2.0536960836768259e+00        1.9026482501878661e+00
        2.3062146752380386e+00        8.8687118010319921e-01
        4.0890253600082360e+00        7.5965396079915593e-01
        5.7267196018159439e+00        2.5287123465481898e+00
        2.9164699725946264e+00        1.3885237966412944e+00
        4.5507270381104803e+00        8.8277025682543808e-01
        4.0306535218419981e+00        2.1411708645910466e+00
        6.2856844976018067e-01        7.5479612510598315e-01
        2.5133521926612445e-01        1.5081694486255515e+00
        2.8865777658932501e+00        1.6317140739118940e+00
        1.7536537567718113e+00        2.1304376124756885e+00
        2.8754506648095202e+00        1.2514340481345698e+00
        2.7439987011167233e+00        1.6249156172747803e+00
        2.4891110355849122e+00        1.4979716914524488e+00
        1.3668135052633090e+00        1.4961040898985090e+00
        5.3281103590229861e+00        2.4893692155263381e+00
        3.5800654093659290e+00        1.2427507324478171e+00
        3.8151921783668996e+00        1.3655409325430412e+00
        3.0679568789587108e+00        1.9834715259602120e+00
       -1.3489347902492455e+00        4.9535604418551316e-01
        0.0000000000000000e+00        1.9793818920902595e+00
        2.3290267283464061e+00        1.8527099557985593e+00
        4.4005346248095378e+00        6.1693487554954629e-01
        3.1681578110031694e+00        1.4793509167585484e+00
        1.5809477837748886e+00        1.3544714382458523e+00
       -8.5102075396932264e-01        8.6114104879655429e-01
        1.2155592611524213e+00        2.0887733733406577e+00
        2.9123282572644626e+00        9.8169552463538423e-01
        1.5745649496054170e+00        0.0000000000000000e+00
        1.4516130802402216e+00        2.4507309651564668e+00
       -8.4656088167065491e-01       -3.6729072367513993e-01
        3.6288493800071819e-01        1.2238654808943039e+00
        1.6920135747188425e+00        9.7819447030680351e-01
        1.8102281302830647e+00        3.6661744773134330e-01
        1.0848275561773590e+00        4.8864909562524872e-01
        6.0225848190142983e-01        1.0987334813076899e+00
       -2.0489132683191968e+00        1.2201942152998413e-01
        1.2062119927733761e-01        1.7069704158508614e+00
        2.2895021254491610e+00        6.0904432104749162e-01
        1.2032488724983637e+00        1.4604464277304885e+00
        7.2137062587138701e-01        1.5801471009481816e+00
       -6.0111206987585319e-01        2.4291498058701677e-01
        4.8091374253544927e-01        1.0925093061537439e+00
       -9.6202029403329448e-01       -8.4964348868936668e-01
        9.6202029403329448e-01        7.2830267256911441e-01
        0.0000000000000000e+00        2.4266936381955873e-01
        6.0087127588630551e-01        1.6973128713726027e+00
        1.0808106810205942e+00        4.8450591149773459e-01
       -1.3211230879512925e+00       -2.4222850304340682e-01
       -7.2122610605447335e-01        1.5736119670666682e+00
       -3.2508924713354759e+00        1.0882161056109396e+00
       -1.8098641005572347e+00        3.2587397446658173e+00
        4.0984469774198118e+00        1.6862393620812099e+00
        2.2842265074832113e+00        2.4069802507824534e-01
        1.2004802921978808e+00        4.8125125970805982e-01
        2.2776091948067290e+00        1.6828611392725179e+00
        7.1834782151150023e-01        7.2050437469179940e-01
       -1.0776830540205395e+00        3.6009002520778211e-01
       -8.3886756299840215e-01        1.3194064001002204e+00
       -7.1949637410746448e-01        9.5865792995546428e-01
        8.3937050636855304e-01        1.6758107461679828e+00
        4.7937681652179265e-01        7.1748881061175496e-01
       -2.3988013985011492e+00        5.9757981415273775e-01
       -3.0052607743403570e+00        9.5550915768107814e-01
       -8.4282349323352435e-01        9.5474893151745732e-01
        2.4064983498835346e+00        1.1923689375326063e+00
       -1.2021036824521047e-01       -1.1923689375326063e+00
        3.1215625406314729e+00        1.4307006165680036e+00
        2.7546296840853302e+00        5.9562218922764032e-01
        0.0000000000000000e+00        7.1435660408987189e-01
        1.1962318706046915e-01        7.1393160261585820e-01
        1.3150686247644927e+00        1.1889429289261955e+00
        2.3873478479931265e+00        1.3064780822364952e+00
        1.4301322578607056e+00        1.1864742908418435e+00
        3.6866388443634435e+00        1.3037682155630392e+00
        4.0304295519849376e+00        4.7374655175218550e-01
        2.2464167356449849e+00        1.0652464081687185e+00
       -1.3000444468467265e+00        1.3006849576122193e+00
        1.7724389023122455e+00        2.4792177641476343e+00
       -1.0631491565121109e+00       -2.3589542045705514e-01
       -3.5459246748992257e-01        9.4330357613721105e-01
        8.2721949211084222e-01        1.5312885513495189e+00
        2.2424397968890730e+00        1.2941812127490238e+00
        2.4736205078038864e+00        1.1753184093326041e+00
        4.7058824132513166e-01       -1.7634095752320889e+00
        3.6408151246593690e+00        2.2332148078167080e+00
        1.2892514791932541e+00        8.2171683328198242e-01
        3.3923110762174247e+00        1.1729059676824249e+00
        2.3359937780611517e-01        1.2888738240455666e+00
        1.5172885355575261e+00        2.1060847839795116e+00
        1.3988732883923660e+00        0.0000000000000000e+00
        4.8832544861269866e+00        2.4524362581928472e+00
        1.7392147592552476e+00        2.3330417104681089e-01
        1.8523882115385248e+00        1.2823627780818470e+00
        1.3874170540621122e+00        8.1533611484090329e-01
        3.1158357650912905e+00        8.1478251347988362e-01
        2.6478640762139349e+00        8.1422966338138281e-01
       -1.1500311475494129e-01        0.0000000000000000e+00
       -3.5705742137317031e+00        3.4878651604337563e-01
        1.1534579717604743e-01        1.0457517001693617e+00
        1.4984872990879694e+00        1.1613839834900830e-01
        2.0717442322226276e+00        1.6247584687150152e+00
        3.4449784425596874e+00        4.0522977386682868e+00
        1.1461318922862063e+00       -6.9370846907368389e-01
        6.8715405580661582e-01        1.9644667105705338e+00
        9.1559374971126317e-01        1.1540681789679041e+00
        1.3720820932675792e+00        1.7290238810904413e+00
        7.9965731932460926e-01        1.4964748450008614e+00
        7.9912479764345790e-01        8.0502183286519369e-01
        1.3686913374293397e+00        5.7468513142815425e-01
        1.7086717965927534e+00        1.7224059222321841e+00
        6.8278806963029126e-01       -1.1479958782363298e+00
       -4.5514887706659124e-01        1.1479958782363298e+00
       -3.1908850710195225e+00       -1.1475017938415988e-01
       -2.5130899237378657e+00        1.1470083075540316e+00
       -1.4874852917753145e+00        2.2927015736478040e-01
        2.8589140124751111e+00        1.0311739785720420e+00
        2.2822372797811852e+00        4.9145266081474404e+00
       -5.1411512922562963e+00       -7.4367402050761200e+00
       -5.7260105109051551e-01       -2.2955523742780315e-01
        1.2593618481638202e+00        8.0325128507148236e-01
        1.3723436166433345e+00        1.2611666951706013e+00
        1.5990864730667909e+00        1.0308786965300243e+00
        1.3394009655329953e+01        1.1621815108255618e+01
        0.0000000000000000e+00       -2.1563348120412940e+00
        1.9173837436106567e+00       -1.8188711326150298e+00
        1.3516051738648116e+00       -7.9662386158574350e-01
        2.8109640400952429e+00        2.2746665895422069e+00
