        7.2942200000000000e+05
        7.2945000000000000e+05
        7.2948100000000000e+05
        7.2951100000000000e+05
        7.2954200000000000e+05
        7.2957200000000000e+05
        7.2960300000000000e+05
        7.2963400000000000e+05
        7.2966400000000000e+05
        7.2969500000000000e+05
        7.2972500000000000e+05
        7.2975600000000000e+05
        7.2978700000000000e+05
        7.2981500000000000e+05
        7.2984600000000000e+05
        7.2987600000000000e+05
        7.2990700000000000e+05
        7.2993700000000000e+05
        7.2996800000000000e+05
        7.2999900000000000e+05
        7.3002900000000000e+05
        7.3006000000000000e+05
        7.3009000000000000e+05
        7.3012100000000000e+05
        7.3015200000000000e+05
        7.3018000000000000e+05
        7.3021100000000000e+05
        7.3024100000000000e+05
        7.3027200000000000e+05
        7.3030200000000000e+05
        7.3033300000000000e+05
        7.3036400000000000e+05
        7.3039400000000000e+05
        7.3042500000000000e+05
        7.3045500000000000e+05
        7.3048600000000000e+05
        7.3051700000000000e+05
        7.3054600000000000e+05
        7.3057700000000000e+05
        7.3060700000000000e+05
        7.3063800000000000e+05
        7.3066800000000000e+05
        7.3069900000000000e+05
        7.3073000000000000e+05
        7.3076000000000000e+05
        7.3079100000000000e+05
        7.3082100000000000e+05
        7.3085200000000000e+05
        7.3088300000000000e+05
        7.3091100000000000e+05
        7.3094200000000000e+05
        7.3097200000000000e+05
        7.3100300000000000e+05
        7.3103300000000000e+05
        7.3106400000000000e+05
        7.3109500000000000e+05
        7.3112500000000000e+05
        7.3115600000000000e+05
        7.3118600000000000e+05
        7.3121700000000000e+05
        7.3124800000000000e+05
        7.3127600000000000e+05
        7.3130700000000000e+05
        7.3133700000000000e+05
        7.3136800000000000e+05
        7.3139800000000000e+05
        7.3142900000000000e+05
        7.3146000000000000e+05
        7.3149000000000000e+05
        7.3152100000000000e+05
        7.3155100000000000e+05
        7.3158200000000000e+05
        7.3161300000000000e+05
        7.3164100000000000e+05
        7.3167200000000000e+05
        7.3170200000000000e+05
        7.3173300000000000e+05
        7.3176300000000000e+05
        7.3179400000000000e+05
        7.3182500000000000e+05
        7.3185500000000000e+05
        7.3188600000000000e+05
        7.3191600000000000e+05
        7.3194700000000000e+05
        7.3197800000000000e+05
        7.3200700000000000e+05
        7.3203800000000000e+05
        7.3206800000000000e+05
        7.3209900000000000e+05
        7.3212900000000000e+05
        7.3216000000000000e+05
        7.3219100000000000e+05
        7.3222100000000000e+05
        7.3225200000000000e+05
        7.3228200000000000e+05
        7.3231300000000000e+05
        7.3234400000000000e+05
        7.3237200000000000e+05
        7.3240300000000000e+05
        7.3243300000000000e+05
        7.3246400000000000e+05
        7.3249400000000000e+05
        7.3252500000000000e+05
        7.3255600000000000e+05
        7.3258600000000000e+05
        7.3261700000000000e+05
        7.3264700000000000e+05
        7.3267800000000000e+05
        7.3270900000000000e+05
        7.3273700000000000e+05
        7.3276800000000000e+05
        7.3279800000000000e+05
        7.3282900000000000e+05
        7.3285900000000000e+05
        7.3289000000000000e+05
        7.3292100000000000e+05
        7.3295100000000000e+05
        7.3298200000000000e+05
        7.3301200000000000e+05
        7.3304300000000000e+05
        7.3307400000000000e+05
        7.3310200000000000e+05
        7.3313300000000000e+05
        7.3316300000000000e+05
        7.3319400000000000e+05
        7.3322400000000000e+05
        7.3325500000000000e+05
        7.3328600000000000e+05
        7.3331600000000000e+05
        7.3334700000000000e+05
        7.3337700000000000e+05
        7.3340800000000000e+05
        7.3343900000000000e+05
        7.3346800000000000e+05
        7.3349900000000000e+05
        7.3352900000000000e+05
        7.3356000000000000e+05
        7.3359000000000000e+05
        7.3362100000000000e+05
        7.3365200000000000e+05
        7.3368200000000000e+05
        7.3371300000000000e+05
        7.3374300000000000e+05
        7.3377400000000000e+05
        7.3380500000000000e+05
        7.3383300000000000e+05
        7.3386400000000000e+05
        7.3389400000000000e+05
        7.3392500000000000e+05
        7.3395500000000000e+05
        7.3398600000000000e+05
        7.3401700000000000e+05
        7.3404700000000000e+05
        7.3407800000000000e+05
        7.3410800000000000e+05
        7.3413900000000000e+05
        7.3417000000000000e+05
        7.3419800000000000e+05
        7.3422900000000000e+05
        7.3425900000000000e+05
        7.3429000000000000e+05
        7.3432000000000000e+05
        7.3435100000000000e+05
        7.3438200000000000e+05
        7.3441200000000000e+05
        7.3444300000000000e+05
        7.3447300000000000e+05
        7.3450400000000000e+05
        7.3453500000000000e+05
        7.3456300000000000e+05
        7.3459400000000000e+05
        7.3462400000000000e+05
        7.3465500000000000e+05
        7.3468500000000000e+05
        7.3471600000000000e+05
        7.3474700000000000e+05
        7.3477700000000000e+05
        7.3480800000000000e+05
        7.3483800000000000e+05
        7.3486900000000000e+05
        7.3490000000000000e+05
        7.3492900000000000e+05
        7.3496000000000000e+05
        7.3499000000000000e+05
        7.3502100000000000e+05
        7.3505100000000000e+05
        7.3508200000000000e+05
        7.3511300000000000e+05
        7.3514300000000000e+05
        7.3517400000000000e+05
        7.3520400000000000e+05
        7.3523500000000000e+05
        7.3526600000000000e+05
        7.3529400000000000e+05
        7.3532500000000000e+05
        7.3535500000000000e+05
        7.3538600000000000e+05
        7.3541600000000000e+05
        7.3544700000000000e+05
        7.3547800000000000e+05
        7.3550800000000000e+05
        7.3553900000000000e+05
        7.3556900000000000e+05
        7.3560000000000000e+05
        7.3563100000000000e+05
        7.3565900000000000e+05
        7.3569000000000000e+05
        7.3572000000000000e+05
        7.3575100000000000e+05
        7.3578100000000000e+05
        7.3581200000000000e+05
        7.3584300000000000e+05
        7.3587300000000000e+05
        7.3590400000000000e+05
        7.3593400000000000e+05
        7.3596500000000000e+05
        7.3599600000000000e+05
        7.3602400000000000e+05
        7.3605500000000000e+05
        7.3608500000000000e+05
        7.3611600000000000e+05
        7.3614600000000000e+05
        7.3617700000000000e+05
        7.3620800000000000e+05
        7.3623800000000000e+05
        7.3626900000000000e+05
        7.3629900000000000e+05
        7.3633000000000000e+05
        7.3636100000000000e+05
        7.3639000000000000e+05
        7.3642100000000000e+05
        7.3645100000000000e+05
        7.3648200000000000e+05
        7.3651200000000000e+05
        7.3654300000000000e+05
        7.3657400000000000e+05
        7.3660400000000000e+05
        7.3663500000000000e+05
        7.3666500000000000e+05
        7.3669600000000000e+05
        7.3672700000000000e+05
        7.3675500000000000e+05
        7.3678600000000000e+05
        7.3681600000000000e+05
        7.3684700000000000e+05
        7.3687700000000000e+05
        7.3690800000000000e+05
        7.3693900000000000e+05
        7.3696900000000000e+05
        7.3700000000000000e+05
        7.3703000000000000e+05
        7.3706100000000000e+05
        7.3709200000000000e+05
        7.3712000000000000e+05
        7.3715100000000000e+05
        7.3718100000000000e+05
        7.3721200000000000e+05
        7.3724200000000000e+05
        7.3727300000000000e+05
        7.3730400000000000e+05
        7.3733400000000000e+05
        7.3736500000000000e+05
        7.3739500000000000e+05
        7.3742600000000000e+05
        7.3745700000000000e+05
        7.3748500000000000e+05
        7.3751600000000000e+05
        7.3754600000000000e+05
        7.3757700000000000e+05
        7.3760700000000000e+05
        7.3763800000000000e+05
        7.3766900000000000e+05
        7.3769900000000000e+05
        7.3773000000000000e+05
        7.3776000000000000e+05
        7.3779100000000000e+05
        7.3782200000000000e+05
        7.3785100000000000e+05
        7.3788200000000000e+05
        7.3791200000000000e+05
        7.3794300000000000e+05
        7.3797300000000000e+05
        7.3800400000000000e+05
        7.3803500000000000e+05
        7.3806500000000000e+05
