        0.0000000000000000e+00        0.0000000000000000e+00        2.8697694838125898e+00
        0.0000000000000000e+00        0.0000000000000000e+00        0.0000000000000000e+00
        0.0000000000000000e+00        0.0000000000000000e+00        0.0000000000000000e+00
        0.0000000000000000e+00        0.0000000000000000e+00        5.3530772971114970e+00
        0.0000000000000000e+00        0.0000000000000000e+00        0.0000000000000000e+00
        0.0000000000000000e+00        0.0000000000000000e+00        0.0000000000000000e+00
        0.0000000000000000e+00        0.0000000000000000e+00        2.5420949599251230e+00
        0.0000000000000000e+00        0.0000000000000000e+00        0.0000000000000000e+00
        0.0000000000000000e+00        0.0000000000000000e+00        0.0000000000000000e+00
        0.0000000000000000e+00        0.0000000000000000e+00        2.8473694876609557e+00
        0.0000000000000000e+00        0.0000000000000000e+00        0.0000000000000000e+00
        0.0000000000000000e+00        0.0000000000000000e+00        0.0000000000000000e+00
        0.0000000000000000e+00        0.0000000000000000e+00        2.0291059398008571e+00
        0.0000000000000000e+00        0.0000000000000000e+00        0.0000000000000000e+00
        0.0000000000000000e+00        0.0000000000000000e+00        0.0000000000000000e+00
        0.0000000000000000e+00        0.0000000000000000e+00        1.7538060381799170e+00
        0.0000000000000000e+00        0.0000000000000000e+00        0.0000000000000000e+00
        0.0000000000000000e+00        0.0000000000000000e+00        0.0000000000000000e+00
        0.0000000000000000e+00        0.0000000000000000e+00       -1.1151683293395109e+00
        0.0000000000000000e+00        0.0000000000000000e+00        0.0000000000000000e+00
        0.0000000000000000e+00        0.0000000000000000e+00        0.0000000000000000e+00
        0.0000000000000000e+00        0.0000000000000000e+00       -1.3850060448096002e+00
       -3.2957978784509123e-01        1.2433623700118801e+00        0.0000000000000000e+00
       -1.6482384477534140e-01        1.2420754117066224e+00        0.0000000000000000e+00
       -1.6484648696852844e-01        3.1031807775683262e-01       -1.1221702637481457e+00
        1.6474467167462592e+00        1.5503878125631587e+00        0.0000000000000000e+00
        6.5834592242381973e-01        4.6472601110174594e-01        0.0000000000000000e+00
        1.6442863630523163e+00        1.2383902027867322e+00        8.0187130095126236e-01
        3.4456850091494573e+00        1.0825440517656659e+00        0.0000000000000000e+00
        1.6373314042450460e+00        1.5447993894468937e+00        0.0000000000000000e+00
        1.3082585106097611e+00        6.1736335766866546e-01        1.6521241260548436e+00
        1.4700879807691081e+00        1.6961133565757791e+00        0.0000000000000000e+00
        6.5279479374069638e-01        1.3859481810122531e+00        0.0000000000000000e+00
       -1.6316540918488442e-01        1.2306115679187712e+00       -6.3872269060745168e-01
        4.8942968525658159e-01        1.6900329277039106e+00        0.0000000000000000e+00
        4.8923014878923254e-01        1.3809860228825244e+00        0.0000000000000000e+00
        2.1176955200747472e+00        1.9919560214663790e+00        2.2310814814165525e+00
        1.4639107203507251e+00        1.8357984202527433e+00        0.0000000000000000e+00
        1.2997564227653413e+00        1.5276895761580533e+00        0.0000000000000000e+00
        4.8704593782247230e-01        4.5792788191683087e-01        1.7443040525730424e+00
        1.1356723621929632e+00        1.9823373209998607e+00        0.0000000000000000e+00
        4.8638790100490326e-01        1.3704715657471667e+00        0.0000000000000000e+00
        4.8619083655161432e-01        1.2168843735167911e+00        3.8317988713060913e+00
        3.2401782294897430e-01        7.5992656583103724e-01        0.0000000000000000e+00
        0.0000000000000000e+00        7.5944563005663213e-01        0.0000000000000000e+00
        0.0000000000000000e+00        0.0000000000000000e+00        7.3068913846903172e-01
        3.2393035694120442e-01        9.1070077732986476e-01        0.0000000000000000e+00
        2.4266944569209414e+00        1.5163004291938620e+00        0.0000000000000000e+00
        4.3557216606945559e+00        1.3630341592943296e+00        8.3344215593434967e-01
       -3.2210441744879859e-01        7.5657275061509210e-01        0.0000000000000000e+00
        4.8312420970688663e-01        1.0584011270140081e+00        0.0000000000000000e+00
        2.5733825704467250e+00        1.6613179923623989e+00        7.7977801028907834e-01
        2.0868174612299839e+00        9.0520497126149735e-01        0.0000000000000000e+00
        1.2823939238089110e+00        0.0000000000000000e+00        0.0000000000000000e+00
        1.9210249566803839e+00        1.3565284368652897e+00        1.2444915405488644e+00
        2.0776458542904663e+00        1.8063224685157309e+00        0.0000000000000000e+00
        3.1893706482254203e+00        9.0214263113708171e-01        0.0000000000000000e+00
        1.7505473563922180e+00        3.0056355824044090e-01        1.2922412221140434e+00
        1.9067800622142528e+00        6.0090136458370580e-01        0.0000000000000000e+00
        2.6960957617628623e+00        6.0060061313862434e-01        0.0000000000000000e+00
       -1.5842629899580629e-01        7.5032829306351800e-01        1.5451989341674022e+00
        1.5833225677411633e+00        3.0000000156285012e-01        0.0000000000000000e+00
        4.7374716091013624e+00        2.0979026322351046e+00        0.0000000000000000e+00
        1.4176020549971469e+00        2.9940119915785601e-01        1.9998759689705992e+00
        2.3589549566260359e+00        2.3925241570331934e+00        0.0000000000000000e+00
        5.7990056039237459e+00        1.0452311990391649e+00        0.0000000000000000e+00
        7.8150442358335681e-01        1.6406689523623896e+00        2.0408207535581369e+00
        3.5883794534974811e+00        2.2336669599990699e+00        0.0000000000000000e+00
       -1.5588466728367223e+00       -5.9523810744259720e-01        0.0000000000000000e+00
       -7.8018337056811049e-01        5.9523810744259720e-01        2.8902958992727434e+00
        3.5846510193984216e+00        1.4868047992980138e+00        0.0000000000000000e+00
        2.6426592712727626e+00        1.6333603957129128e+00        0.0000000000000000e+00
        4.4946775182211240e+00        2.8160329109180537e+00        2.3676160050612793e+00
        5.2482718079833290e+00        1.3316073125256622e+00        0.0000000000000000e+00
        2.0006416945729910e+00        2.3636595109742586e+00        0.0000000000000000e+00
        7.6859030360729719e-01        2.6535637348587215e+00        2.7529358491765521e+00
        6.1451800088327957e-01        2.2068295314188191e+00        0.0000000000000000e+00
        2.7614433050317189e+00        2.0560523938232933e+00        0.0000000000000000e+00
        3.0643513956185586e-01        2.7847340741306681e+00        3.0807605705675201e+00
        0.0000000000000000e+00        2.3400373045944889e+00        0.0000000000000000e+00
        1.3779905820452854e+00        2.0437961144857297e+00        0.0000000000000000e+00
        7.6268211482748427e+00        5.0943129453358438e+00        2.8115289312751202e+00
        1.3676946962736025e+00        2.0316850904684713e+00        0.0000000000000000e+00
        2.7307217852140298e+00        2.0282511166879402e+00        0.0000000000000000e+00
        3.3291320217589515e+00        1.4466547864188328e+00        1.0308651468662333e+00
        1.2083072134817741e+00        2.1667174108060294e+00        0.0000000000000000e+00
        1.5095289031776815e-01        2.0187459699755550e+00        0.0000000000000000e+00
        2.7139099392677224e+00        2.8780443103915587e+00        2.9307738878795675e+00
        1.8058694153047838e+00        1.4364378061863192e+00        0.0000000000000000e+00
        2.4036062117236412e+00        1.2913255266582269e+00        0.0000000000000000e+00
        2.0992133305369975e+00        1.8627981530425330e+00        1.5543431823374476e+00
        0.0000000000000000e+00        2.4316117742785082e+00        0.0000000000000000e+00
        1.9459868295008675e+00        1.5707743065110691e+00        0.0000000000000000e+00
        5.6702418359343199e+00        1.4261946057192887e+00        2.5611685205305434e+00
        3.7158635005379637e+00        1.4245015917822457e+00        0.0000000000000000e+00
        3.4084616926094213e+00        2.2756910933019014e+00        0.0000000000000000e+00
       -1.4807504346808997e+00        1.4201185089362411e+00        2.4491342495299051e+00
       -4.4458166609153693e-01        1.8436451064900439e+00        0.0000000000000000e+00
        1.9253321007724367e+00        1.4162635893921305e+00        0.0000000000000000e+00
        2.0699857276763822e+00        1.4145940574831428e+00        2.7196383172384486e+00
        2.6561742276278721e+00        1.2717104516667632e+00        0.0000000000000000e+00
        3.0914572701288279e+00        2.3984488614679833e+00        0.0000000000000000e+00
        1.1756062659564748e+00        1.4086161964918631e+00        6.6516228654869280e-01
        1.0277115695139116e+00        8.4437672066073333e-01        0.0000000000000000e+00
        5.8686882206586688e-01        1.5464825525064896e+00        0.0000000000000000e+00
        4.1000650014812123e+00        3.5073386750031688e+00        2.2249894638008527e+00
        1.7528913646405186e+00        2.7985087310273826e+00        0.0000000000000000e+00
        3.7891700174661480e+00        1.1175786605221560e+00        0.0000000000000000e+00
        3.1969018665741089e+00        2.7894015349378520e+00        2.4004308080172621e+00
        3.3331342002046682e+00        6.9633844001231182e-01        0.0000000000000000e+00
        1.3017538792386318e+00        2.2255715200561355e+00        0.0000000000000000e+00
        1.7334780912623415e+00        1.3888890439339718e+00        1.3117837945493704e+00
        2.5955309325851772e+00        2.0803241269074846e+00        0.0000000000000000e+00
        5.7602305198223291e-01        1.2464655745915820e+00        0.0000000000000000e+00
        3.4503438171139322e+00        9.6857889374994954e-01        2.1457777405384348e+00
        0.0000000000000000e+00        1.6586042723414351e+00        0.0000000000000000e+00
        1.4347204004614866e+00        1.9321453282906020e+00        0.0000000000000000e+00
        5.7340820586979646e-01        1.1026878791078332e+00        1.5786439526973339e+00
        2.7199534460411456e+00        6.8866572908810042e-01        0.0000000000000000e+00
        4.4246258870767718e+00        1.5136748753192819e+00        0.0000000000000000e+00
        2.8459636249639431e+00        8.2483678353639789e-01        1.8954094985943470e+00
        1.1364982499788567e+00        1.9224171636370357e+00        0.0000000000000000e+00
        2.2697725173536298e+00        6.8583187555866232e-01        0.0000000000000000e+00
        3.8205326771269199e+00        1.3704889566390932e+00        1.5650192576636357e+00
        2.9631386682865468e+00        1.5057322456975442e+00        0.0000000000000000e+00
        4.9223626008213728e+00        1.3672099006608818e+00        0.0000000000000000e+00
        1.5428673740149890e+00        1.6385983429110240e+00        3.0662011590177229e+00
       -1.9639938917613620e+00        1.3637914867164369e+00        0.0000000000000000e+00
        9.8239874500372082e-01        1.3622433066959871e+00        0.0000000000000000e+00
        3.0823134284748477e+00        6.8054218349828943e-01        1.0471806106060910e+00
        2.0970471929679491e+00        1.0880653584628419e+00        0.0000000000000000e+00
        2.2328184137013096e+00        1.9017436626853623e+00        0.0000000000000000e+00
        4.3142986454068222e+00        1.2209599154047623e+00        2.4026818997199939e+00
        3.1909377724776533e+00        1.7614184837078994e+00        0.0000000000000000e+00
        1.9381637808184138e+00        2.1643563527145915e+00        0.0000000000000000e+00
        3.5911629011575741e+00        1.4857337707478990e+00        2.1636293456047895e+00
        1.5161088561260527e+00        8.0962557889598941e-01        0.0000000000000000e+00
       -1.6540319641453749e+00        2.1563348120423598e+00        0.0000000000000000e+00
       -6.8985342515013315e-01        1.6147120624289357e+00        2.1519890507224915e+00
        1.3793104966868697e+00        1.8810887291682121e+00        0.0000000000000000e+00
        1.5154126346658359e+00        1.6100181306054395e+00        0.0000000000000000e+00
        3.0250961362447981e+00        3.4809797922925156e+00        3.2951316255505958e+00
        1.7839788293400716e+00        2.1371332451927572e+00        0.0000000000000000e+00
        2.6025921964766496e+00        1.0671410218613175e+00        0.0000000000000000e+00
        5.1883116435444521e+00        3.1957409033807949e+00        1.8582048681658137e+00
        2.5857679412609968e+00        1.9930248726851119e+00        0.0000000000000000e+00
        1.7660047337468399e+00        9.2894668725307383e-01        0.0000000000000000e+00
        2.4409546217459166e+00        1.7232811577983398e+00        2.1131460107678635e+00
        9.4792083019790141e-01        9.2689659780873512e-01        0.0000000000000000e+00
        2.7042264965320584e+00        1.0584344677372570e+00        0.0000000000000000e+00
        4.0449476501869697e+00        1.8500168844283849e+00        3.2360513221377118e+00
        7.2467229849149106e+00        2.2426214409307477e+00        0.0000000000000000e+00
        1.7380650356152216e+00        1.8437229263483346e+00        0.0000000000000000e+00
        5.3321571847902760e+00        2.6289856062437167e+00        1.6950098705482475e+00
        1.5950378954496358e+00        1.1811670445641909e+00        0.0000000000000000e+00
        5.6982051744931539e+00        2.8824121294068306e+00        0.0000000000000000e+00
        2.5092178844939639e+00        2.6169447274142499e-01        2.2488976959667895e+00
        6.9717926989952161e+00        2.6138106609550960e+00        0.0000000000000000e+00
        5.4961928142901684e+00        2.2172714313310138e+00        0.0000000000000000e+00
        3.6501929285815748e+00        9.1180465716647063e-01        9.4766359208904305e-01
       -2.4757053137552276e+00        1.9515372653749807e+00        0.0000000000000000e+00
        1.1733392210825144e+00        1.8185757972876360e+00        0.0000000000000000e+00
       -1.6951918059543658e+00        2.2045718633673772e+00        1.5030346741848888e+00
       -4.9689511992372815e+00        1.9418527350890002e+00        0.0000000000000000e+00
       -4.5949402458795419e+00        1.1636051119147339e+00        0.0000000000000000e+00
        7.8895466352726373e-01        7.7511037251873915e-01        1.7962181365323460e+00
        1.8388795192148422e+00        1.4197366539107747e+00        0.0000000000000000e+00
       -1.4445966176879210e+00        6.4477998434853134e-01        0.0000000000000000e+00
        1.8382758819765144e+00        2.3183435353004711e+00       -7.6882031143270524e-01
        7.8697128189446630e-01        9.0036983697707740e-01        0.0000000000000000e+00
        3.2735030393208575e+00        2.5712449209152055e-01        0.0000000000000000e+00
       -1.9630300467905926e+00        5.1408376067350048e-01        8.5497488836949742e-02
        3.0086678430464531e+00        1.4125958076178335e+00        0.0000000000000000e+00
       -7.8414291616191178e-01        8.9805959181603612e-01        0.0000000000000000e+00
        2.6143790953021551e-01        8.9738800186651702e-01        9.3926822964327528e-01
        2.3503816001490208e+00        7.6865594599908604e-01        0.0000000000000000e+00
        6.5206761371889854e-01        1.6637340690984104e+00        0.0000000000000000e+00
        3.3850516099700911e+00        6.3928401703741145e-01        6.8172151141325799e-01
        5.1993068404350140e-01        6.3894362832179752e-01        0.0000000000000000e+00
        4.0218427830314596e+00        6.3860360189451626e-01        0.0000000000000000e+00
        4.0084084466776915e+00        1.1486307710285359e+00        3.8295838253112890e-01
        7.7427683082014198e-01        7.6514349032237305e-01        0.0000000000000000e+00
        7.7377756576844092e-01        1.2741559914438483e+00        0.0000000000000000e+00
        1.8035430126044361e+00        1.4000107649405180e+00        1.7823072136014417e+00
        1.1579907616031448e+00        1.1442497026351361e+00        0.0000000000000000e+00
        1.2853471665920324e+00        1.2701101947776294e+00        0.0000000000000000e+00
        2.0536960836768259e+00        1.9026482501878661e+00        8.0368027882329329e-01
        2.3062146752380386e+00        8.8687118010319921e-01        0.0000000000000000e+00
        4.0890253600082360e+00        6.3307835812906887e-01        0.0000000000000000e+00
        5.7267196018159439e+00        2.6552879492182768e+00        8.0206876116868386e-01
        2.9164699725946264e+00        1.3885237966412944e+00        0.0000000000000000e+00
        4.5507270381104803e+00        7.5669997252596488e-01        0.0000000000000000e+00
        4.0306535218419981e+00        2.2672411488905198e+00        1.0108460681319542e+00
        6.2856844976018067e-01        7.5479612510598315e-01        0.0000000000000000e+00
        2.5133521926612445e-01        1.5081694486255515e+00        0.0000000000000000e+00
        2.8865777658932501e+00        1.6317140739118940e+00        1.3019067611551804e+00
        1.7536537567718113e+00        2.1304376124756885e+00        0.0000000000000000e+00
        2.8754506648095202e+00        1.2514340481345698e+00        0.0000000000000000e+00
        2.7439987011167233e+00        1.6249156172747803e+00        1.4230422040487412e+00
        2.4891110355849122e+00        1.4979716914524488e+00        0.0000000000000000e+00
        1.3668135052633090e+00        1.4961040898985090e+00        0.0000000000000000e+00
        5.3281103590229861e+00        2.4893692155263381e+00        1.4179975229460240e+00
        3.5800654093659290e+00        1.2427507324478171e+00        0.0000000000000000e+00
        3.8151921783668996e+00        1.3655409325430412e+00        0.0000000000000000e+00
        3.0679568789587108e+00        1.9834715259602120e+00        9.9792151551305608e-01
       -1.3489347902492455e+00        4.9535604418551316e-01        0.0000000000000000e+00
        0.0000000000000000e+00        1.9793818920902595e+00        0.0000000000000000e+00
        2.3290267283464061e+00        1.8527099557985593e+00        1.4094739425708269e+00
        4.2785152032795537e+00        4.9357327173957799e-01        0.0000000000000000e+00
        3.2901772325331535e+00        1.4795029101108526e+00        0.0000000000000000e+00
        1.5809477837748886e+00        1.4776810487035164e+00        1.1982861086892171e+00
       -9.7264443014921653e-01        8.6114104879655429e-01        0.0000000000000000e+00
        1.3371829373323152e+00        2.0887733733406577e+00        0.0000000000000000e+00
        2.9123282572644626e+00        9.8169552463538423e-01        1.9344586758943905e+00
        1.5745649496054170e+00        0.0000000000000000e+00        0.0000000000000000e+00
        1.4516130802402216e+00        2.4507309651564668e+00        0.0000000000000000e+00
       -9.6754691796832049e-01       -3.6729072367513993e-01        1.0661205696209208e+00
        4.8387097429838377e-01        1.2238654808943039e+00        0.0000000000000000e+00
        1.5712345499075298e+00        9.7819447030680351e-01        0.0000000000000000e+00
        1.9310071550943775e+00        3.6661744773134330e-01        5.3199659998099946e-01
        1.0848275561773590e+00        3.6650547497920627e-01        0.0000000000000000e+00
        6.0225848190142983e-01        1.0988452718791564e+00        0.0000000000000000e+00
       -2.0489132683191968e+00        2.4405125160456009e-01        2.8616690882792284e-01
        1.2062119927733761e-01        1.7069704158508614e+00        0.0000000000000000e+00
        2.2895021254491610e+00        6.0904432104749162e-01        0.0000000000000000e+00
        1.2032488724983637e+00        1.3388104233683862e+00        1.9974563800779777e+00
        7.2137062587138701e-01        1.7017831053102839e+00        0.0000000000000000e+00
       -6.0111206987585319e-01        2.4291498058701677e-01        0.0000000000000000e+00
        4.8091374253544927e-01        1.0925093061537439e+00        4.0642149401790562e-01
       -9.6202029403329448e-01       -8.4964348868936668e-01        0.0000000000000000e+00
        9.6202029403329448e-01        7.2830267256911441e-01        0.0000000000000000e+00
        0.0000000000000000e+00        2.4266936381955873e-01        7.7106501835260133e-01
        6.0087127588630551e-01        1.6973128713726027e+00        0.0000000000000000e+00
        1.0808106810205942e+00        4.8450591149773459e-01        0.0000000000000000e+00
       -1.3211230879512925e+00       -2.4222850304340682e-01        1.2952854872590791e+00
       -7.2122610605447335e-01        1.4526381275565825e+00        0.0000000000000000e+00
       -3.2508924713354759e+00        1.2091899451210253e+00        0.0000000000000000e+00
       -1.8098641005572347e+00        3.2587397446658173e+00        2.1361328413323832e+00
        4.0984469774198118e+00        1.6862393620812099e+00        0.0000000000000000e+00
        2.2842265074832113e+00        2.4069802507824534e-01        0.0000000000000000e+00
        1.2004802921978808e+00        4.8125125970805982e-01        1.4444794511888404e+00
        2.2776091948067290e+00        1.6828611392725179e+00        0.0000000000000000e+00
        5.9865304309738576e-01        7.2050437469179940e-01        0.0000000000000000e+00
       -8.3819790864936294e-01        4.8009602560874498e-01        1.4392819126925360e+00
       -9.5865792995546428e-01        1.1994003996992575e+00        0.0000000000000000e+00
       -8.3945438890253854e-01        9.5865792995546428e-01        0.0000000000000000e+00
        9.5932852116362710e-01        1.5561875591075136e+00        6.3802226666425099e-01
        4.7937681652179265e-01        8.3711199767222411e-01        0.0000000000000000e+00
       -2.3988013985011492e+00        5.9757981415273775e-01        0.0000000000000000e+00
       -3.1256278941562243e+00        9.5550915768107814e-01        1.1538278254718648e+00
       -7.2245637341765701e-01        1.0740391547880535e+00        0.0000000000000000e+00
        2.4064983498835346e+00        1.0730787142620102e+00        0.0000000000000000e+00
       -1.2021036824521047e-01       -1.3116710204460702e+00        4.7647414806135657e-01
        3.2414606273576396e+00        1.6691507907275138e+00        0.0000000000000000e+00
        2.6347315973591634e+00        4.7647409798159401e-01        0.0000000000000000e+00
        0.0000000000000000e+00        5.9532669772863755e-01        9.9083528494467998e-01
        0.0000000000000000e+00        7.1400240107308832e-01        0.0000000000000000e+00
        1.4346918118249619e+00        1.1890607393819863e+00        0.0000000000000000e+00
        2.5065906562595330e+00        1.4253193796847086e+00        5.9332520149411039e-01
        1.3108894495942991e+00        1.1864742908418435e+00        0.0000000000000000e+00
        3.6866388443634435e+00        1.3037682155630392e+00        0.0000000000000000e+00
        4.0304295519849376e+00        4.7374655175218550e-01        9.0805941381582045e-01
        2.3645327847582109e+00        1.1835487693815594e+00        0.0000000000000000e+00
       -1.4181604959599525e+00        1.1823825963993784e+00        0.0000000000000000e+00
        1.7724389023122455e+00        2.2433223436905791e+00        1.8492139363097237e+00
       -9.4497494793763792e-01        2.3589542045705514e-01        0.0000000000000000e+00
       -3.5455754431410469e-01        9.4311823304273901e-01        0.0000000000000000e+00
        7.0901036036055132e-01        1.2955784739869358e+00        9.8015241398066166e-01
        2.2424397968890730e+00        1.1765860340577916e+00        0.0000000000000000e+00
        2.3559446067537237e+00        1.1754335350644851e+00        0.0000000000000000e+00
        4.7063438195138474e-01       -1.7635823484859259e+00        1.6802642789965461e+00
        3.5238866357051535e+00        1.9985309542288832e+00        0.0000000000000000e+00
        1.4066622691135677e+00        9.3933468592872771e-01        0.0000000000000000e+00
        3.5094585356752361e+00        1.5248523629459498e+00        9.7366291199101340e-01
        3.5038201621269138e-01        1.2887479881598551e+00        0.0000000000000000e+00
        1.4005058971509499e+00        2.1058794524133617e+00        0.0000000000000000e+00
        1.2823627780818470e+00       -3.5072336944104165e-01        1.5141973917923934e+00
        5.4638021251896873e+00        3.1528262188569300e+00        0.0000000000000000e+00
        1.2751776305030660e+00       -2.3325882083362615e-01        0.0000000000000000e+00
        1.9680675869601316e+00        1.3988732883923660e+00        1.2767820484050674e+00
        1.2717376786405055e+00        5.8238292819829951e-01        0.0000000000000000e+00
        3.0005785974477561e+00        6.9848663206109052e-01        0.0000000000000000e+00
        2.5331039918601306e+00        6.9808029891902379e-01        2.2726239572637752e+00
        0.0000000000000000e+00        2.3260321840581355e-01        0.0000000000000000e+00
       -3.5709169619423164e+00        3.4882031154950255e-01        0.0000000000000000e+00
        3.4603739366083630e-01        1.3942681661493594e+00        1.4186451486636997e+00
        1.6135231013382878e+00        2.3222061030381269e-01        0.0000000000000000e+00
        1.8413737189405310e+00        1.3923807402441923e+00        0.0000000000000000e+00
        3.3303050228152387e+00        3.5895235912430934e+00        1.7567337765179047e+00
        1.6044315254216457e+00        0.0000000000000000e+00        0.0000000000000000e+00
        3.4352784241562517e-01        1.6175623477593604e+00        0.0000000000000000e+00
        1.1443830735696991e+00        1.2694139761439516e+00        1.3694735202975039e+00
        1.0290124969543513e+00        1.6136780839143938e+00        0.0000000000000000e+00
        7.9973345179240596e-01        1.1513000979064714e+00        0.0000000000000000e+00
        9.1332893763045320e-01        9.2024544387179219e-01        2.3853542221672797e+00
        1.2546933323093867e+00        8.0463626751594575e-01        0.0000000000000000e+00
        1.2533828229635446e+00        1.1485452637899130e+00        0.0000000000000000e+00
        1.0245221890645695e+00       -6.8899523423873177e-01        1.9582038731950746e+00
        0.0000000000000000e+00        1.6070406075026966e+00        0.0000000000000000e+00
       -3.6467264532252130e+00       -5.7369604764367921e-01        0.0000000000000000e+00
       -2.1704989495926696e+00        1.2617694609918573e+00        3.9994726507529776e+00
       -1.0295029467055627e+00        6.8767910191454007e-01        0.0000000000000000e+00
        2.4008010675554914e+00        6.8728524215480036e-01        0.0000000000000000e+00
        2.5099838015815834e+00        5.0280999190441378e+00        0.0000000000000000e+00
       -5.5976111780719151e+00       -7.7796058536932833e+00        0.0000000000000000e+00
       -5.7265570163274049e-01       -3.4438226667710126e-01        0.0000000000000000e+00
        1.1450382548176208e+00        6.8866572908703461e-01        0.0000000000000000e+00
