        7.1587600000000000e+05
        7.1590700000000000e+05
        7.1593600000000000e+05
        7.1596700000000000e+05
        7.1599700000000000e+05
        7.1602800000000000e+05
        7.1605800000000000e+05
        7.1608900000000000e+05
        7.1612000000000000e+05
        7.1615000000000000e+05
        7.1618100000000000e+05
        7.1621100000000000e+05
        7.1624200000000000e+05
        7.1627300000000000e+05
        7.1630100000000000e+05
        7.1633200000000000e+05
        7.1636200000000000e+05
        7.1639300000000000e+05
        7.1642300000000000e+05
        7.1645400000000000e+05
        7.1648500000000000e+05
        7.1651500000000000e+05
        7.1654600000000000e+05
        7.1657600000000000e+05
        7.1660700000000000e+05
        7.1663800000000000e+05
        7.1666600000000000e+05
        7.1669700000000000e+05
        7.1672700000000000e+05
        7.1675800000000000e+05
        7.1678800000000000e+05
        7.1681900000000000e+05
        7.1685000000000000e+05
        7.1688000000000000e+05
        7.1691100000000000e+05
        7.1694100000000000e+05
        7.1697200000000000e+05
        7.1700300000000000e+05
        7.1703100000000000e+05
        7.1706200000000000e+05
        7.1709200000000000e+05
        7.1712300000000000e+05
        7.1715300000000000e+05
        7.1718400000000000e+05
        7.1721500000000000e+05
        7.1724500000000000e+05
        7.1727600000000000e+05
        7.1730600000000000e+05
        7.1733700000000000e+05
        7.1736800000000000e+05
        7.1739700000000000e+05
        7.1742800000000000e+05
        7.1745800000000000e+05
        7.1748900000000000e+05
        7.1751900000000000e+05
        7.1755000000000000e+05
        7.1758100000000000e+05
        7.1761100000000000e+05
        7.1764200000000000e+05
        7.1767200000000000e+05
        7.1770300000000000e+05
        7.1773400000000000e+05
        7.1776200000000000e+05
        7.1779300000000000e+05
        7.1782300000000000e+05
        7.1785400000000000e+05
        7.1788400000000000e+05
        7.1791500000000000e+05
        7.1794600000000000e+05
        7.1797600000000000e+05
        7.1800700000000000e+05
        7.1803700000000000e+05
        7.1806800000000000e+05
        7.1809900000000000e+05
        7.1812700000000000e+05
        7.1815800000000000e+05
        7.1818800000000000e+05
        7.1821900000000000e+05
        7.1824900000000000e+05
        7.1828000000000000e+05
        7.1831100000000000e+05
        7.1834100000000000e+05
        7.1837200000000000e+05
        7.1840200000000000e+05
        7.1843300000000000e+05
        7.1846400000000000e+05
        7.1849200000000000e+05
        7.1852300000000000e+05
        7.1855300000000000e+05
        7.1858400000000000e+05
        7.1861400000000000e+05
        7.1864500000000000e+05
        7.1867600000000000e+05
        7.1870600000000000e+05
        7.1873700000000000e+05
        7.1876700000000000e+05
        7.1879800000000000e+05
        7.1882900000000000e+05
        7.1885800000000000e+05
        7.1888900000000000e+05
        7.1891900000000000e+05
        7.1895000000000000e+05
        7.1898000000000000e+05
        7.1901100000000000e+05
        7.1904200000000000e+05
        7.1907200000000000e+05
        7.1910300000000000e+05
        7.1913300000000000e+05
        7.1916400000000000e+05
        7.1919500000000000e+05
        7.1922300000000000e+05
        7.1925400000000000e+05
        7.1928400000000000e+05
        7.1931500000000000e+05
        7.1934500000000000e+05
        7.1937600000000000e+05
        7.1940700000000000e+05
        7.1943700000000000e+05
        7.1946800000000000e+05
        7.1949800000000000e+05
        7.1952900000000000e+05
        7.1956000000000000e+05
        7.1958800000000000e+05
        7.1961900000000000e+05
        7.1964900000000000e+05
        7.1968000000000000e+05
        7.1971000000000000e+05
        7.1974100000000000e+05
        7.1977200000000000e+05
        7.1980200000000000e+05
        7.1983300000000000e+05
        7.1986300000000000e+05
        7.1989400000000000e+05
        7.1992500000000000e+05
        7.1995300000000000e+05
        7.1998400000000000e+05
        7.2001400000000000e+05
        7.2004500000000000e+05
        7.2007500000000000e+05
        7.2010600000000000e+05
        7.2013700000000000e+05
        7.2016700000000000e+05
        7.2019800000000000e+05
        7.2022800000000000e+05
        7.2025900000000000e+05
        7.2029000000000000e+05
        7.2031900000000000e+05
        7.2035000000000000e+05
        7.2038000000000000e+05
        7.2041100000000000e+05
        7.2044100000000000e+05
        7.2047200000000000e+05
        7.2050300000000000e+05
        7.2053300000000000e+05
        7.2056400000000000e+05
        7.2059400000000000e+05
        7.2062500000000000e+05
        7.2065600000000000e+05
        7.2068400000000000e+05
        7.2071500000000000e+05
        7.2074500000000000e+05
        7.2077600000000000e+05
        7.2080600000000000e+05
        7.2083700000000000e+05
        7.2086800000000000e+05
        7.2089800000000000e+05
        7.2092900000000000e+05
        7.2095900000000000e+05
        7.2099000000000000e+05
        7.2102100000000000e+05
        7.2104900000000000e+05
        7.2108000000000000e+05
        7.2111000000000000e+05
        7.2114100000000000e+05
        7.2117100000000000e+05
        7.2120200000000000e+05
        7.2123300000000000e+05
        7.2126300000000000e+05
        7.2129400000000000e+05
        7.2132400000000000e+05
        7.2135500000000000e+05
        7.2138600000000000e+05
        7.2141400000000000e+05
        7.2144500000000000e+05
        7.2147500000000000e+05
        7.2150600000000000e+05
        7.2153600000000000e+05
        7.2156700000000000e+05
        7.2159800000000000e+05
        7.2162800000000000e+05
        7.2165900000000000e+05
        7.2168900000000000e+05
        7.2172000000000000e+05
        7.2175100000000000e+05
        7.2178000000000000e+05
        7.2181100000000000e+05
        7.2184100000000000e+05
        7.2187200000000000e+05
        7.2190200000000000e+05
        7.2193300000000000e+05
        7.2196400000000000e+05
        7.2199400000000000e+05
        7.2202500000000000e+05
        7.2205500000000000e+05
        7.2208600000000000e+05
        7.2211700000000000e+05
        7.2214500000000000e+05
        7.2217600000000000e+05
        7.2220600000000000e+05
        7.2223700000000000e+05
        7.2226700000000000e+05
        7.2229800000000000e+05
        7.2232900000000000e+05
        7.2235900000000000e+05
        7.2239000000000000e+05
        7.2242000000000000e+05
        7.2245100000000000e+05
        7.2248200000000000e+05
        7.2251000000000000e+05
        7.2254100000000000e+05
        7.2257100000000000e+05
        7.2260200000000000e+05
        7.2263200000000000e+05
        7.2266300000000000e+05
        7.2269400000000000e+05
        7.2272400000000000e+05
        7.2275500000000000e+05
        7.2278500000000000e+05
        7.2281600000000000e+05
        7.2284700000000000e+05
        7.2287500000000000e+05
        7.2290600000000000e+05
        7.2293600000000000e+05
        7.2296700000000000e+05
        7.2299700000000000e+05
        7.2302800000000000e+05
        7.2305900000000000e+05
        7.2308900000000000e+05
        7.2312000000000000e+05
        7.2315000000000000e+05
        7.2318100000000000e+05
        7.2321200000000000e+05
        7.2324100000000000e+05
        7.2327200000000000e+05
        7.2330200000000000e+05
        7.2333300000000000e+05
        7.2336300000000000e+05
        7.2339400000000000e+05
        7.2342500000000000e+05
        7.2345500000000000e+05
        7.2348600000000000e+05
        7.2351600000000000e+05
        7.2354700000000000e+05
        7.2357800000000000e+05
        7.2360600000000000e+05
        7.2363700000000000e+05
        7.2366700000000000e+05
        7.2369800000000000e+05
        7.2372800000000000e+05
        7.2375900000000000e+05
        7.2379000000000000e+05
        7.2382000000000000e+05
        7.2385100000000000e+05
        7.2388100000000000e+05
        7.2391200000000000e+05
        7.2394300000000000e+05
        7.2397100000000000e+05
        7.2400200000000000e+05
        7.2403200000000000e+05
        7.2406300000000000e+05
        7.2409300000000000e+05
        7.2412400000000000e+05
        7.2415500000000000e+05
        7.2418500000000000e+05
        7.2421600000000000e+05
        7.2424600000000000e+05
        7.2427700000000000e+05
        7.2430800000000000e+05
        7.2433600000000000e+05
        7.2436700000000000e+05
        7.2439700000000000e+05
        7.2442800000000000e+05
        7.2445800000000000e+05
        7.2448900000000000e+05
        7.2452000000000000e+05
        7.2455000000000000e+05
        7.2458100000000000e+05
        7.2461100000000000e+05
        7.2464200000000000e+05
        7.2467300000000000e+05
        7.2470200000000000e+05
        7.2473300000000000e+05
        7.2476300000000000e+05
        7.2479400000000000e+05
        7.2482400000000000e+05
        7.2485500000000000e+05
        7.2488600000000000e+05
        7.2491600000000000e+05
        7.2494700000000000e+05
        7.2497700000000000e+05
        7.2500800000000000e+05
        7.2503900000000000e+05
        7.2506700000000000e+05
        7.2509800000000000e+05
        7.2512800000000000e+05
        7.2515900000000000e+05
        7.2518900000000000e+05
        7.2522000000000000e+05
        7.2525100000000000e+05
        7.2528100000000000e+05
        7.2531200000000000e+05
        7.2534200000000000e+05
        7.2537300000000000e+05
        7.2540400000000000e+05
        7.2543200000000000e+05
        7.2546300000000000e+05
        7.2549300000000000e+05
        7.2552400000000000e+05
        7.2555400000000000e+05
        7.2558500000000000e+05
        7.2561600000000000e+05
        7.2564600000000000e+05
        7.2567700000000000e+05
        7.2570700000000000e+05
        7.2573800000000000e+05
        7.2576900000000000e+05
        7.2579700000000000e+05
        7.2582800000000000e+05
        7.2585800000000000e+05
        7.2588900000000000e+05
        7.2591900000000000e+05
        7.2595000000000000e+05
        7.2598100000000000e+05
        7.2601100000000000e+05
        7.2604200000000000e+05
        7.2607200000000000e+05
        7.2610300000000000e+05
        7.2613400000000000e+05
        7.2616300000000000e+05
        7.2619400000000000e+05
        7.2622400000000000e+05
        7.2625500000000000e+05
        7.2628500000000000e+05
        7.2631600000000000e+05
        7.2634700000000000e+05
        7.2637700000000000e+05
        7.2640800000000000e+05
        7.2643800000000000e+05
        7.2646900000000000e+05
        7.2650000000000000e+05
        7.2652800000000000e+05
        7.2655900000000000e+05
        7.2658900000000000e+05
        7.2662000000000000e+05
        7.2665000000000000e+05
        7.2668100000000000e+05
        7.2671200000000000e+05
        7.2674200000000000e+05
        7.2677300000000000e+05
        7.2680300000000000e+05
        7.2683400000000000e+05
        7.2686500000000000e+05
        7.2689300000000000e+05
        7.2692400000000000e+05
        7.2695400000000000e+05
        7.2698500000000000e+05
        7.2701500000000000e+05
        7.2704600000000000e+05
        7.2707700000000000e+05
        7.2710700000000000e+05
        7.2713800000000000e+05
        7.2716800000000000e+05
        7.2719900000000000e+05
        7.2723000000000000e+05
        7.2725800000000000e+05
        7.2728900000000000e+05
        7.2731900000000000e+05
        7.2735000000000000e+05
        7.2738000000000000e+05
        7.2741100000000000e+05
        7.2744200000000000e+05
        7.2747200000000000e+05
        7.2750300000000000e+05
        7.2753300000000000e+05
        7.2756400000000000e+05
        7.2759500000000000e+05
        7.2762400000000000e+05
        7.2765500000000000e+05
        7.2768500000000000e+05
        7.2771600000000000e+05
        7.2774600000000000e+05
        7.2777700000000000e+05
        7.2780800000000000e+05
        7.2783800000000000e+05
        7.2786900000000000e+05
        7.2789900000000000e+05
        7.2793000000000000e+05
        7.2796100000000000e+05
        7.2798900000000000e+05
        7.2802000000000000e+05
        7.2805000000000000e+05
        7.2808100000000000e+05
        7.2811100000000000e+05
        7.2814200000000000e+05
        7.2817300000000000e+05
        7.2820300000000000e+05
        7.2823400000000000e+05
        7.2826400000000000e+05
        7.2829500000000000e+05
        7.2832600000000000e+05
        7.2835400000000000e+05
        7.2838500000000000e+05
        7.2841500000000000e+05
        7.2844600000000000e+05
        7.2847600000000000e+05
        7.2850700000000000e+05
        7.2853800000000000e+05
        7.2856800000000000e+05
        7.2859900000000000e+05
        7.2862900000000000e+05
        7.2866000000000000e+05
        7.2869100000000000e+05
        7.2871900000000000e+05
        7.2875000000000000e+05
        7.2878000000000000e+05
        7.2881100000000000e+05
        7.2884100000000000e+05
        7.2887200000000000e+05
        7.2890300000000000e+05
        7.2893300000000000e+05
        7.2896400000000000e+05
        7.2899400000000000e+05
        7.2902500000000000e+05
        7.2905600000000000e+05
        7.2908500000000000e+05
        7.2911600000000000e+05
        7.2914600000000000e+05
        7.2917700000000000e+05
        7.2920700000000000e+05
        7.2923800000000000e+05
        7.2926900000000000e+05
        7.2929900000000000e+05
        7.2933000000000000e+05
        7.2936000000000000e+05
        7.2939100000000000e+05
        7.2942200000000000e+05
        7.2945000000000000e+05
        7.2948100000000000e+05
        7.2951100000000000e+05
        7.2954200000000000e+05
        7.2957200000000000e+05
        7.2960300000000000e+05
        7.2963400000000000e+05
        7.2966400000000000e+05
        7.2969500000000000e+05
        7.2972500000000000e+05
        7.2975600000000000e+05
        7.2978700000000000e+05
        7.2981500000000000e+05
        7.2984600000000000e+05
        7.2987600000000000e+05
        7.2990700000000000e+05
        7.2993700000000000e+05
        7.2996800000000000e+05
        7.2999900000000000e+05
        7.3002900000000000e+05
        7.3006000000000000e+05
        7.3009000000000000e+05
        7.3012100000000000e+05
        7.3015200000000000e+05
        7.3018000000000000e+05
        7.3021100000000000e+05
        7.3024100000000000e+05
        7.3027200000000000e+05
        7.3030200000000000e+05
        7.3033300000000000e+05
        7.3036400000000000e+05
        7.3039400000000000e+05
        7.3042500000000000e+05
        7.3045500000000000e+05
        7.3048600000000000e+05
        7.3051700000000000e+05
        7.3054600000000000e+05
        7.3057700000000000e+05
        7.3060700000000000e+05
        7.3063800000000000e+05
        7.3066800000000000e+05
        7.3069900000000000e+05
        7.3073000000000000e+05
        7.3076000000000000e+05
        7.3079100000000000e+05
        7.3082100000000000e+05
        7.3085200000000000e+05
        7.3088300000000000e+05
        7.3091100000000000e+05
        7.3094200000000000e+05
        7.3097200000000000e+05
        7.3100300000000000e+05
        7.3103300000000000e+05
        7.3106400000000000e+05
        7.3109500000000000e+05
        7.3112500000000000e+05
        7.3115600000000000e+05
        7.3118600000000000e+05
        7.3121700000000000e+05
        7.3124800000000000e+05
        7.3127600000000000e+05
        7.3130700000000000e+05
        7.3133700000000000e+05
        7.3136800000000000e+05
        7.3139800000000000e+05
        7.3142900000000000e+05
        7.3146000000000000e+05
        7.3149000000000000e+05
        7.3152100000000000e+05
        7.3155100000000000e+05
        7.3158200000000000e+05
        7.3161300000000000e+05
        7.3164100000000000e+05
        7.3167200000000000e+05
        7.3170200000000000e+05
        7.3173300000000000e+05
        7.3176300000000000e+05
        7.3179400000000000e+05
        7.3182500000000000e+05
        7.3185500000000000e+05
        7.3188600000000000e+05
        7.3191600000000000e+05
        7.3194700000000000e+05
        7.3197800000000000e+05
        7.3200700000000000e+05
        7.3203800000000000e+05
        7.3206800000000000e+05
        7.3209900000000000e+05
        7.3212900000000000e+05
        7.3216000000000000e+05
        7.3219100000000000e+05
        7.3222100000000000e+05
        7.3225200000000000e+05
        7.3228200000000000e+05
        7.3231300000000000e+05
        7.3234400000000000e+05
        7.3237200000000000e+05
        7.3240300000000000e+05
        7.3243300000000000e+05
        7.3246400000000000e+05
        7.3249400000000000e+05
        7.3252500000000000e+05
        7.3255600000000000e+05
        7.3258600000000000e+05
        7.3261700000000000e+05
        7.3264700000000000e+05
        7.3267800000000000e+05
        7.3270900000000000e+05
        7.3273700000000000e+05
        7.3276800000000000e+05
        7.3279800000000000e+05
        7.3282900000000000e+05
        7.3285900000000000e+05
        7.3289000000000000e+05
        7.3292100000000000e+05
        7.3295100000000000e+05
        7.3298200000000000e+05
        7.3301200000000000e+05
        7.3304300000000000e+05
        7.3307400000000000e+05
        7.3310200000000000e+05
        7.3313300000000000e+05
        7.3316300000000000e+05
        7.3319400000000000e+05
        7.3322400000000000e+05
        7.3325500000000000e+05
        7.3328600000000000e+05
        7.3331600000000000e+05
        7.3334700000000000e+05
        7.3337700000000000e+05
        7.3340800000000000e+05
        7.3343900000000000e+05
        7.3346800000000000e+05
        7.3349900000000000e+05
        7.3352900000000000e+05
        7.3356000000000000e+05
        7.3359000000000000e+05
        7.3362100000000000e+05
        7.3365200000000000e+05
        7.3368200000000000e+05
        7.3371300000000000e+05
        7.3374300000000000e+05
        7.3377400000000000e+05
        7.3380500000000000e+05
        7.3383300000000000e+05
        7.3386400000000000e+05
        7.3389400000000000e+05
        7.3392500000000000e+05
        7.3395500000000000e+05
        7.3398600000000000e+05
        7.3401700000000000e+05
        7.3404700000000000e+05
        7.3407800000000000e+05
        7.3410800000000000e+05
        7.3413900000000000e+05
        7.3417000000000000e+05
        7.3419800000000000e+05
        7.3422900000000000e+05
        7.3425900000000000e+05
        7.3429000000000000e+05
        7.3432000000000000e+05
        7.3435100000000000e+05
        7.3438200000000000e+05
        7.3441200000000000e+05
        7.3444300000000000e+05
        7.3447300000000000e+05
        7.3450400000000000e+05
        7.3453500000000000e+05
        7.3456300000000000e+05
        7.3459400000000000e+05
        7.3462400000000000e+05
        7.3465500000000000e+05
        7.3468500000000000e+05
        7.3471600000000000e+05
        7.3474700000000000e+05
        7.3477700000000000e+05
        7.3480800000000000e+05
        7.3483800000000000e+05
        7.3486900000000000e+05
        7.3490000000000000e+05
        7.3492900000000000e+05
        7.3496000000000000e+05
        7.3499000000000000e+05
        7.3502100000000000e+05
        7.3505100000000000e+05
        7.3508200000000000e+05
        7.3511300000000000e+05
        7.3514300000000000e+05
        7.3517400000000000e+05
        7.3520400000000000e+05
        7.3523500000000000e+05
        7.3526600000000000e+05
        7.3529400000000000e+05
        7.3532500000000000e+05
        7.3535500000000000e+05
        7.3538600000000000e+05
        7.3541600000000000e+05
        7.3544700000000000e+05
        7.3547800000000000e+05
        7.3550800000000000e+05
        7.3553900000000000e+05
        7.3556900000000000e+05
        7.3560000000000000e+05
        7.3563100000000000e+05
        7.3565900000000000e+05
        7.3569000000000000e+05
        7.3572000000000000e+05
        7.3575100000000000e+05
        7.3578100000000000e+05
        7.3581200000000000e+05
        7.3584300000000000e+05
        7.3587300000000000e+05
        7.3590400000000000e+05
        7.3593400000000000e+05
        7.3596500000000000e+05
        7.3599600000000000e+05
        7.3602400000000000e+05
        7.3605500000000000e+05
        7.3608500000000000e+05
        7.3611600000000000e+05
        7.3614600000000000e+05
        7.3617700000000000e+05
        7.3620800000000000e+05
        7.3623800000000000e+05
        7.3626900000000000e+05
        7.3629900000000000e+05
        7.3633000000000000e+05
        7.3636100000000000e+05
        7.3639000000000000e+05
        7.3642100000000000e+05
        7.3645100000000000e+05
        7.3648200000000000e+05
        7.3651200000000000e+05
        7.3654300000000000e+05
        7.3657400000000000e+05
        7.3660400000000000e+05
        7.3663500000000000e+05
        7.3666500000000000e+05
        7.3669600000000000e+05
        7.3672700000000000e+05
        7.3675500000000000e+05
        7.3678600000000000e+05
        7.3681600000000000e+05
        7.3684700000000000e+05
        7.3687700000000000e+05
        7.3690800000000000e+05
        7.3693900000000000e+05
        7.3696900000000000e+05
        7.3700000000000000e+05
        7.3703000000000000e+05
        7.3706100000000000e+05
        7.3709200000000000e+05
        7.3712000000000000e+05
        7.3715100000000000e+05
        7.3718100000000000e+05
        7.3721200000000000e+05
        7.3724200000000000e+05
        7.3727300000000000e+05
        7.3730400000000000e+05
        7.3733400000000000e+05
        7.3736500000000000e+05
        7.3739500000000000e+05
        7.3742600000000000e+05
        7.3745700000000000e+05
        7.3748500000000000e+05
        7.3751600000000000e+05
        7.3754600000000000e+05
        7.3757700000000000e+05
        7.3760700000000000e+05
        7.3763800000000000e+05
        7.3766900000000000e+05
        7.3769900000000000e+05
        7.3773000000000000e+05
        7.3776000000000000e+05
        7.3779100000000000e+05
        7.3782200000000000e+05
        7.3785100000000000e+05
        7.3788200000000000e+05
        7.3791200000000000e+05
        7.3794300000000000e+05
        7.3797300000000000e+05
        7.3800400000000000e+05
        7.3803500000000000e+05
        7.3806500000000000e+05
        7.3809600000000000e+05
        7.3812600000000000e+05
        7.3815700000000000e+05
        7.3818800000000000e+05
        7.3821600000000000e+05
        7.3824700000000000e+05
        7.3827700000000000e+05
        7.3830800000000000e+05
        7.3833800000000000e+05
        7.3836900000000000e+05
        7.3840000000000000e+05
        7.3843000000000000e+05
        7.3846100000000000e+05
        7.3849100000000000e+05
        7.3852200000000000e+05
        7.3855300000000000e+05
