       -4.9447154054504949e-01        1.2436845264030438e+00        0.0000000000000000e+00        1.7839918128331016e+00        0.0000000000000000e+00
       -3.2976092540550894e-01        1.2423969014523806e+00       -1.4391380704960710e+00        1.6857117066422806e+00        0.0000000000000000e+00
       -1.6491445088782086e-01        3.1039834627293317e-01        0.0000000000000000e+00        1.3902905168991433e+00        0.0000000000000000e+00
        1.8128136387229432e+00        1.7057572168535984e+00        0.0000000000000000e+00        1.3902905168991433e+00        0.0000000000000000e+00
        6.5852656337774818e-01        3.0987734194098948e-01       -9.0878756098149438e-01        1.3902905168991433e+00        0.0000000000000000e+00
        1.6447370995862798e+00        1.2387097874121622e+00        0.0000000000000000e+00        1.3902905168991433e+00        0.0000000000000000e+00
        3.4466275489151599e+00        1.2374324375723944e+00        0.0000000000000000e+00        1.5873349156290164e+00        0.0000000000000000e+00
        1.8014332963414148e+00        1.3905879364688900e+00        6.9514087410240677e-01        1.5873349156290164e+00        0.0000000000000000e+00
        1.3084368203777785e+00        7.7185311723937389e-01        0.0000000000000000e+00        1.4888612493750559e+00        0.0000000000000000e+00
        1.4702881153212388e+00        1.5422184361515434e+00        0.0000000000000000e+00        1.5873349156290164e+00        0.0000000000000000e+00
        6.5288358520234624e-01        1.5402389484599155e+00        1.5995755787134414e+00        1.4888612493750559e+00        0.0000000000000000e+00
       -3.2639739083357711e-01        1.0769921871720101e+00        0.0000000000000000e+00        1.2916225266546228e+00        0.0000000000000000e+00
        4.8956280001846153e-01        1.8440264865791534e+00        0.0000000000000000e+00        1.2916225266546228e+00        0.0000000000000000e+00
        3.2626427607169717e-01        1.2277785954040610e+00       -6.3906284396253454e-01        1.2916225266546228e+00        0.0000000000000000e+00
        2.2813695084288099e+00        1.9924648552212432e+00        0.0000000000000000e+00        1.4888612493750559e+00        0.0000000000000000e+00
        1.6268982969165791e+00        2.1420380544267204e+00        0.0000000000000000e+00        1.3902905168991433e+00        0.0000000000000000e+00
        9.7508131042225443e-01        1.3750081076658205e+00        2.1262508537546410e+00        1.3902905168991433e+00        0.0000000000000000e+00
        4.8724369621240271e-01        4.5798613875618344e-01        0.0000000000000000e+00        1.2916225266546228e+00        0.0000000000000000e+00
        1.1361331747437475e+00        1.8301986262525105e+00        0.0000000000000000e+00        1.2916225266546228e+00        0.0000000000000000e+00
        6.4873633151840693e-01        1.5230361227136058e+00        1.9040099417416911e+00        1.2916225266546228e+00        0.0000000000000000e+00
        4.8632219510658103e-01        1.2170386438743463e+00        0.0000000000000000e+00        1.1928570865273813e+00        0.0000000000000000e+00
        0.0000000000000000e+00        7.6002282609053395e-01        0.0000000000000000e+00        1.0939940038334264e+00        0.0000000000000000e+00
        0.0000000000000000e+00        7.5954176850530075e-01        3.9900580227278937e+00        9.9503308531680923e-01        0.0000000000000000e+00
        0.0000000000000000e+00        0.0000000000000000e+00        0.0000000000000000e+00        9.9503308531680923e-01        0.0000000000000000e+00
        4.8612518388111425e-01        9.1081598300633004e-01        0.0000000000000000e+00        9.9503308531680923e-01        0.0000000000000000e+00
        2.4276763287037539e+00        1.5164920506826718e+00        5.7422522096466366e-01        9.9503308531680923e-01        0.0000000000000000e+00
        4.5185637036752269e+00        1.5145780124971253e+00        0.0000000000000000e+00        1.1928570865273813e+00        0.0000000000000000e+00
       -3.2219090004268480e-01        7.5657275061509210e-01        0.0000000000000000e+00        1.1928570865273813e+00        0.0000000000000000e+00
        3.2219090004268480e-01        9.0725810773193416e-01        7.8170828084012101e-01        1.0939940038334264e+00        0.0000000000000000e+00
        2.5744177211084462e+00        1.6615271079171379e+00        0.0000000000000000e+00        1.0939940038334264e+00        0.0000000000000000e+00
        2.2480937927930711e+00        1.0561388749888323e+00        0.0000000000000000e+00        1.0939940038334264e+00        0.0000000000000000e+00
        1.4429823370129213e+00        0.0000000000000000e+00        7.8018359042246743e-01        9.9503308531680923e-01        0.0000000000000000e+00
        1.9212812643232269e+00        1.3565284368652897e+00        0.0000000000000000e+00        9.9503308531680923e-01        0.0000000000000000e+00
        1.9182100794285617e+00        1.8063224685157309e+00        0.0000000000000000e+00        1.0939940038334264e+00        0.0000000000000000e+00
        3.3495070593914988e+00        9.0214263113708171e-01        1.2969338902291128e+00        1.1928570865273813e+00        0.0000000000000000e+00
        1.7507795399552606e+00        3.0056355824044090e-01        0.0000000000000000e+00        1.1928570865273813e+00        0.0000000000000000e+00
        2.0658152489822612e+00        6.0090136458370580e-01        0.0000000000000000e+00        1.1928570865273813e+00        0.0000000000000000e+00
        2.5376694627670560e+00        6.0060061313862434e-01        1.4475910848990026e+00        1.1928570865273813e+00        0.0000000000000000e+00
       -1.5844721750113422e-01        7.5032829306351800e-01        0.0000000000000000e+00        1.2916225266546228e+00        0.0000000000000000e+00
        1.7417697852422975e+00        4.4997188203019789e-01        0.0000000000000000e+00        1.2916225266546228e+00        0.0000000000000000e+00
        4.5798568456248745e+00        2.0976406889584354e+00        1.3909473736724465e+00        1.3902905168991433e+00        0.0000000000000000e+00
        1.5752168184736348e+00        2.9936385336846172e-01        0.0000000000000000e+00        1.4888612493750559e+00        0.0000000000000000e+00
        2.3589549566260359e+00        2.2428515656319092e+00        0.0000000000000000e+00        1.5873349156290164e+00        0.0000000000000000e+00
        5.7990056039237459e+00        1.0452311990391649e+00        1.9494716027704584e+00        1.6857117066422806e+00        0.0000000000000000e+00
        7.8150442358335681e-01        1.7897095040044775e+00        0.0000000000000000e+00        1.7839918128331016e+00        0.0000000000000000e+00
        3.5883794534974811e+00        2.0846264083569821e+00        0.0000000000000000e+00        1.8821754240587667e+00        0.0000000000000000e+00
       -1.5588466728367223e+00       -5.9523810744259720e-01        1.9909427868409324e+00        2.0782539182528410e+00        0.0000000000000000e+00
       -7.8018337056811049e-01        5.9523810744259720e-01        0.0000000000000000e+00        1.9802627296179729e+00        0.0000000000000000e+00
        3.5846510193984216e+00        1.4868047992980138e+00        0.0000000000000000e+00        2.0782539182528410e+00        0.0000000000000000e+00
        2.6426592712727626e+00        1.6333603957129128e+00        3.0943024130941410e+00        2.0782539182528410e+00        0.0000000000000000e+00
        4.4946775182211240e+00        2.8160329109180537e+00        0.0000000000000000e+00        2.5667746748577813e+00        0.0000000000000000e+00
        5.2482718079833290e+00        1.3316073125256622e+00        0.0000000000000000e+00        2.8587456851912472e+00        0.0000000000000000e+00
        2.0006416945729910e+00        2.3636595109742586e+00        2.1669344333570706e+00        2.5667746748577813e+00        0.0000000000000000e+00
        7.6859030360729719e-01        2.6535637348587215e+00        0.0000000000000000e+00        2.2739486969489340e+00        0.0000000000000000e+00
        6.1451800088327957e-01        2.2068295314188191e+00        0.0000000000000000e+00        2.1761491781512712e+00        0.0000000000000000e+00
        2.9146706563221159e+00        2.0560523938232933e+00        2.9043692948409472e+00        2.4692612590371414e+00        0.0000000000000000e+00
        1.5320778827145887e-01        2.6383301210429977e+00        0.0000000000000000e+00        2.5667746748577813e+00        0.0000000000000000e+00
       -1.5320778827145887e-01        2.3403225360404178e+00        0.0000000000000000e+00        2.5667746748577813e+00        0.0000000000000000e+00
        1.5311983703167442e+00        2.3357671608284392e+00        3.0320120321626121e+00        2.5667746748577813e+00        0.0000000000000000e+00
        7.6268211482748427e+00        4.9484606206348758e+00        0.0000000000000000e+00        2.7615167032973389e+00        0.0000000000000000e+00
        1.3676946962736025e+00        2.0316850904684713e+00        0.0000000000000000e+00        2.6641930946421093e+00        0.0000000000000000e+00
        2.7307217852140298e+00        2.0282511166879402e+00        2.7633961375247651e+00        2.5667746748577813e+00        0.0000000000000000e+00
        3.3291320217589515e+00        1.4466547864188328e+00        0.0000000000000000e+00        2.3716526617316065e+00        0.0000000000000000e+00
        1.2083072134817741e+00        2.1667174108060294e+00        0.0000000000000000e+00        2.4692612590371414e+00        0.0000000000000000e+00
        1.5095289031776815e-01        2.0187459699755550e+00        1.0313714351777747e+00        2.2739486969489340e+00        0.0000000000000000e+00
        2.7139099392677224e+00        2.8780443103915587e+00        0.0000000000000000e+00        2.2739486969489340e+00        0.0000000000000000e+00
        1.8058694153047838e+00        1.4364378061863192e+00        0.0000000000000000e+00        2.2739486969489340e+00        0.0000000000000000e+00
        2.4036062117236412e+00        1.2913255266582269e+00        3.0295771504292190e+00        2.3716526617316065e+00        0.0000000000000000e+00
        2.0992133305369975e+00        1.8627981530425330e+00        0.0000000000000000e+00        2.3716526617316065e+00        0.0000000000000000e+00
        0.0000000000000000e+00        2.2887121015884304e+00        0.0000000000000000e+00        2.3716526617316065e+00        0.0000000000000000e+00
        1.9459868295008675e+00        1.7136739792011468e+00        1.5062271062433297e+00        2.2739486969489340e+00        0.0000000000000000e+00
        5.6702418359343199e+00        1.5687208841701050e+00        0.0000000000000000e+00        2.0782539182528410e+00        2.2117414823758175e+00
        3.7158635005379637e+00        1.2819753133314293e+00        0.0000000000000000e+00        2.0782539182528410e+00        2.1331183011258581e+00
        3.4084616926094213e+00        2.2756910933019014e+00        2.6102811664753034e+00        2.0782539182528410e+00        2.0642089359820481e+00
       -1.3325931408321168e+00        1.5620379698074061e+00        0.0000000000000000e+00        2.0782539182528410e+00        2.1311278067783768e+00
       -7.4096945855401941e-01        1.7017256456188790e+00        0.0000000000000000e+00        1.8821754240587667e+00        2.0168134550484496e+00
        2.0735625993861362e+00        1.5577980590968821e+00        2.3060356927668835e+00        1.9802627296179729e+00        2.0141053135804832e+00
        2.0699857276763822e+00        1.2730595877783912e+00        0.0000000000000000e+00        1.8821754240587667e+00        1.9370770752691335e+00
        2.8035672143641222e+00        1.2717104516667632e+00        0.0000000000000000e+00        1.9802627296179729e+00        1.9713463901791073e+00
        3.0910780661177029e+00        2.3984488614679833e+00        2.8164087951985550e+00        1.9802627296179729e+00        1.9713463901791073e+00
        1.0285924832313498e+00        1.4086161964918631e+00        0.0000000000000000e+00        1.9802627296179729e+00        2.0040750883445924e+00
        1.0277115695139116e+00        8.4437672066073333e-01        0.0000000000000000e+00        1.9802627296179729e+00        1.9059757549102940e+00
        5.8686882206586688e-01        1.5464825525064896e+00        6.6539939298628781e-01        1.8821754240587667e+00        1.8762276455522198e+00
        4.1000650014812123e+00        3.5073386750031688e+00        0.0000000000000000e+00        1.7839918128331016e+00        1.9603725568553720e+00
        1.7528913646405186e+00        2.7985087310273826e+00        0.0000000000000000e+00        1.7839918128331016e+00        2.0407639349113715e+00
        3.6436537376541622e+00        1.1175786605221560e+00        2.2257797322946971e+00        1.6857117066422806e+00        1.9986217875398893e+00
        3.3424181463860947e+00        2.7894015349378520e+00        0.0000000000000000e+00        1.8821754240587667e+00        2.0272990838850369e+00
        3.3331342002046682e+00        6.9633844001231182e-01        0.0000000000000000e+00        2.0782539182528410e+00        2.0006657123201599e+00
        1.3017538792386318e+00        2.2255715200561355e+00        2.4012784727421632e+00        2.0782539182528410e+00        2.1282486683664281e+00
        1.7334780912623415e+00        1.3888890439339718e+00        0.0000000000000000e+00        1.9802627296179729e+00        2.0895035170841680e+00
        2.5955309325851772e+00        2.0803241269074846e+00        0.0000000000000000e+00        1.9802627296179729e+00        2.1221588009957770e+00
        7.1998562188682058e-01        1.2464655745915820e+00        1.3122448793112085e+00        1.8821754240587667e+00        2.1457492705555303e+00
        3.3063812472093446e+00        9.6857889374994954e-01        0.0000000000000000e+00        1.8821754240587667e+00        2.0707630327489568e+00
        0.0000000000000000e+00        1.6586042723414351e+00        0.0000000000000000e+00        1.8821754240587667e+00        2.1296385128128925e+00
        1.4347204004614866e+00        1.9321453282906020e+00        2.0999873234828215e+00        1.9802627296179729e+00        2.1590399740970767e+00
        5.7340820586979646e-01        1.1026878791078332e+00        0.0000000000000000e+00        1.7839918128331016e+00        1.8521246521423507e+00
        2.7199534460411456e+00        6.8866572908810042e-01        0.0000000000000000e+00        1.7839918128331016e+00        1.8123090040696788e+00
        4.2821503748886158e+00        1.5136748753192819e+00        1.6720878970129860e+00        1.8821754240587667e+00        1.8892993179939310e+00
        2.9884391371520991e+00        9.6225447621414162e-01        0.0000000000000000e+00        1.6857117066422806e+00        1.8239018280590713e+00
        9.9449481806317408e-01        1.7849994709592920e+00        0.0000000000000000e+00        1.8821754240587667e+00        1.9381589839724711e+00
        2.4117759492693125e+00        6.8583187555866232e-01        1.8497142788458376e+00        1.6857117066422806e+00        1.7822021716711767e+00
        3.8205326771269199e+00        1.3704889566390932e+00        0.0000000000000000e+00        1.5873349156290164e+00        1.7685065943950029e+00
        2.9631386682865468e+00        1.6425233544236306e+00        0.0000000000000000e+00        1.6857117066422806e+00        1.7424284599382389e+00
        5.0627052709998566e+00        1.3670541464801289e+00        1.5655597284546019e+00        1.7839918128331016e+00        1.7188379903784856e+00
        1.4025247038365052e+00        1.5019629883656904e+00        0.0000000000000000e+00        1.8821754240587667e+00        1.7629316536005746e+00
       -1.9639938917613620e+00        1.3637914867164369e+00        0.0000000000000000e+00        1.8821754240587667e+00        1.7619031121544282e+00
        9.8239874500372082e-01        1.3622433066959871e+00        3.0216465082016697e+00        1.7839918128331016e+00        1.7450419549204454e+00
        3.2222306442807991e+00        6.8054218349828943e-01        0.0000000000000000e+00        1.7839918128331016e+00        1.7375517308566124e+00
        1.9571299771619977e+00        1.0880653584628419e+00        0.0000000000000000e+00        1.7839918128331016e+00        1.7339120613408809e+00
        2.0933889125863914e+00        1.9017436626853623e+00        1.1386287221721858e+00        1.7839918128331016e+00        1.7508708616441382e+00
        4.4537281465217404e+00        1.2209599154047623e+00        0.0000000000000000e+00        1.9802627296179729e+00        1.8942585338997731e+00
        3.1909377724776533e+00        1.7614184837078994e+00        0.0000000000000000e+00        1.9802627296179729e+00        1.7871000773430623e+00
        2.0764843388647591e+00        2.1643563527145915e+00        2.3580161246908204e+00        2.0782539182528410e+00        1.8537172333115137e+00
        3.4528423431112287e+00        1.4857337707478990e+00        0.0000000000000000e+00        2.0782539182528410e+00        1.8290036514327923e+00
        1.6538419983145758e+00        8.0962557889598941e-01        0.0000000000000000e+00        2.0782539182528410e+00        1.7581607718420322e+00
       -1.7917651063338980e+00        2.1563348120423598e+00        2.0744127665015100e+00        1.7839918128331016e+00        1.8150986541523473e+00
       -6.8985342515013315e-01        1.6147120624289357e+00        0.0000000000000000e+00        1.7839918128331016e+00        1.8119761804161527e+00
        1.3793104966868697e+00        2.0153394425154403e+00        0.0000000000000000e+00        1.8821754240587667e+00        1.8563613174938709e+00
        1.5154126346658359e+00        1.4757674172582114e+00        2.2873863980962028e+00        1.8821754240587667e+00        1.8623788779311923e+00
        3.0250961362447981e+00        3.4809797922925156e+00        0.0000000000000000e+00        1.9802627296179729e+00        2.0369167450701831e+00
        1.7839788293400716e+00        2.1371332451927572e+00        0.0000000000000000e+00        1.9802627296179729e+00        2.1231250635836751e+00
        2.6025921964766496e+00        1.0671410218613175e+00        3.2515072420107316e+00        2.1761491781512712e+00        2.1604023865275046e+00
        5.1883116435444521e+00        3.1957409033807949e+00        0.0000000000000000e+00        2.0782539182528410e+00        2.2513536438271586e+00
        2.5857679412609968e+00        1.9930248726851119e+00        0.0000000000000000e+00        2.0782539182528410e+00        2.2820692098324713e+00
        1.7660047337468399e+00        9.2894668725307383e-01        1.8146642465008966e+00        2.0782539182528410e+00        2.2447505060478434e+00
        2.4409546217459166e+00        1.7232811577983398e+00        0.0000000000000000e+00        1.9802627296179729e+00        2.2764111228096517e+00
        1.0832769862265224e+00        1.0592519721225102e+00        0.0000000000000000e+00        1.9802627296179729e+00        2.2971396302998492e+00
        2.7039218290259015e+00        1.0583177843948022e+00        2.1140767114271597e+00        2.2739486969489340e+00        2.1956632771496842e+00
        4.0444932118866461e+00        1.7177781934570646e+00        0.0000000000000000e+00        2.4692612590371414e+00        2.2697603611525174e+00
        7.1121259346927701e+00        2.3744099205533331e+00        0.0000000000000000e+00        2.5667746748577813e+00        2.2563678248924468e+00
        1.7380650356152216e+00        1.7119344467257491e+00        3.2810376995890067e+00        2.6641930946421093e+00        2.2829997814753256e+00
        5.3321571847902760e+00        2.6289856062437167e+00        0.0000000000000000e+00        2.6641930946421093e+00        2.1294091604402432e+00
        1.5950378954496358e+00        1.1811670445641909e+00        0.0000000000000000e+00        2.8587456851912472e+00        2.1121643448394067e+00
        5.6982051744931539e+00        2.8824121294068306e+00        1.5653895399857731e+00        3.0529205034822793e+00        2.2467856464484015e+00
        2.5092178844939639e+00        3.9252031097340989e-01        0.0000000000000000e+00        2.8587456851912472e+00        1.9387966735975759e+00
        6.9717926989952161e+00        2.4829848227231111e+00        0.0000000000000000e+00        3.0529205034822793e+00        2.0015043110788611e+00
        5.4961928142901684e+00        2.2172714313310138e+00        2.5092013927885404e+00        3.1498667059371015e+00        2.0862835174354721e+00
        3.6501929285815748e+00        1.0420059267563175e+00        0.0000000000000000e+00        3.1498667059371015e+00        2.0839830216906385e+00
       -2.3452776194794467e+00        1.8213359957851338e+00        0.0000000000000000e+00        3.2467190137501412e+00        2.2346683656532029e+00
        1.0429115268067335e+00        1.8185757972876360e+00        8.1856886771518589e-01        3.2467190137501412e+00        2.2356528288359101e+00
       -1.6951918059543658e+00        2.2045718633673772e+00        0.0000000000000000e+00        2.9558802241544431e+00        2.2411132410092627e+00
       -4.9689511992372815e+00        1.9418527350890002e+00        0.0000000000000000e+00        2.3716526617316065e+00        2.1305440187417091e+00
       -4.5949402458795419e+00        1.1636051119147339e+00        1.5035189264150262e+00        2.1761491781512712e+00        2.1021137525672806e+00
        6.5749823572431865e-01        7.7511037251873915e-01        0.0000000000000000e+00        1.9802627296179729e+00        1.9980904056102311e+00
        1.9703359470177872e+00        1.4197366539107747e+00        0.0000000000000000e+00        1.9802627296179729e+00        1.9709386495238235e+00
       -1.3131977672966144e+00        7.7369441751748980e-01        1.6687193266367473e+00        1.6857117066422806e+00        1.7012405939724751e+00
        1.7068770315852078e+00        2.1894291021315126e+00        0.0000000000000000e+00        1.6857117066422806e+00        1.8265347977292734e+00
        7.8697128189446630e-01        9.0036983697707740e-01        0.0000000000000000e+00        1.4888612493750559e+00        1.6934838062939939e+00
        3.2735030393208575e+00        2.5712449209152055e-01       -6.4099153720071911e-01        1.2916225266546228e+00        1.5393257878104194e+00
       -1.9630300467905926e+00        6.4257029647798447e-01        0.0000000000000000e+00        8.9597413714718033e-01        1.4301435518305539e+00
        3.0086678430464531e+00        1.4124446550702885e+00        0.0000000000000000e+00        8.9597413714718033e-01        1.3730687635918670e+00
       -7.8414291616191178e-01        7.6972420855909718e-01        1.7103153654467462e-01        7.9681696491768816e-01        1.2554277441362061e+00
        2.6143790953021551e-01        8.9738800186651702e-01        0.0000000000000000e+00        5.9820716775474692e-01        1.1879189368510623e+00
        2.4808234721184874e+00        8.9671741562611373e-01        0.0000000000000000e+00        8.9597413714718033e-01        1.1344727583325387e+00
        5.2162574174943188e-01        1.5356725994713827e+00        8.9671774944761751e-01        9.9503308531680923e-01        1.1847203725990241e+00
        3.3850516099700911e+00        6.3928401703741145e-01        0.0000000000000000e+00        6.9756137364251380e-01        9.6274203503892153e-01
        5.1993068404350140e-01        6.3894362832179752e-01        0.0000000000000000e+00        6.9756137364251380e-01        9.0664409499918719e-01
        4.0218427830314596e+00        7.6628355094321421e-01        5.9669696733841704e-01        1.1928570865273813e+00        1.0648124270424830e+00
        4.0084084466776915e+00        1.0209508219798380e+00        0.0000000000000000e+00        1.0939940038334264e+00        9.4360554313466238e-01
        7.7427683082014198e-01        7.6514349032237305e-01        0.0000000000000000e+00        9.9503308531680923e-01        9.3213296117404809e-01
        9.0269199893739938e-01        1.2741559914438483e+00        3.8312140426910446e-01        1.0939940038334264e+00        9.7415532453002385e-01
        1.6746285794354776e+00        1.5272035150722729e+00        0.0000000000000000e+00        1.1928570865273813e+00        1.0274062976185938e+00
        1.1579907616031448e+00        1.1441284833040299e+00        0.0000000000000000e+00        1.1928570865273813e+00        1.0467944337130497e+00
        1.2853471665920324e+00        1.1430386639769807e+00        1.8254210507411273e+00        1.3902905168991433e+00        1.1548460254463322e+00
        2.0536960836768259e+00        1.9026482501878661e+00        0.0000000000000000e+00        1.4888612493750559e+00        1.1421376224297397e+00
        2.3062146752380386e+00        1.0135135737620260e+00        0.0000000000000000e+00        1.4888612493750559e+00        1.1217467125037572e+00
        4.0890253600082360e+00        5.0643596447024208e-01        9.3072490431573840e-01        1.4888612493750559e+00        1.0861569883343414e+00
        5.8536701441195049e+00        2.9078663546965089e+00        0.0000000000000000e+00        1.6857117066422806e+00        1.1240283199419387e+00
        2.7895194302910653e+00        1.2620951941709535e+00        0.0000000000000000e+00        1.7839918128331016e+00        1.1749761324352903e+00
        4.1721582353492437e+00        2.5225982855126006e-01        7.5989468764134926e-01        1.9802627296179729e+00        1.3390210692950433e+00
        4.4092223246032347e+00        2.6455314898573334e+00        0.0000000000000000e+00        2.2739486969489340e+00        1.5146187973989811e+00
        6.2856844976018067e-01        8.8054933454735362e-01        0.0000000000000000e+00        2.2739486969489340e+00        1.4819790652718545e+00
        2.5133521926612445e-01        1.3824162391841810e+00        1.0109525179153422e+00        2.2739486969489340e+00        1.5538603427779130e+00
        2.7612186641860603e+00        1.5062763484017694e+00        0.0000000000000000e+00        2.0782539182528410e+00        1.4796296150755062e+00
        1.8790128584790011e+00        2.3810774874029050e+00        0.0000000000000000e+00        2.0782539182528410e+00        1.5080697091119255e+00
        2.7505742403253208e+00        1.0011472058440773e+00        1.3439743848991270e+00        2.4692612590371414e+00        1.6867361735249276e+00
        2.9934533764265581e+00        1.9997921511837546e+00        0.0000000000000000e+00        2.5667746748577813e+00        1.6317010261633236e+00
        2.6131601553782247e+00        1.4976601007962387e+00        0.0000000000000000e+00        2.5667746748577813e+00        1.6123432693022188e+00
        1.1181861346443611e+00        1.2466238395191453e+00        1.3812602016084696e+00        2.5667746748577813e+00        1.6907727531741301e+00
        5.3281103590229861e+00        2.6137022208704508e+00        0.0000000000000000e+00        2.4692612590371414e+00        1.7202682679239523e+00
        3.4567925138862421e+00        8.6997052124786478e-01        0.0000000000000000e+00        2.4692612590371414e+00        1.6638968538783772e+00
        3.8155835008559791e+00        1.4899122452007418e+00        1.4181453853538528e+00        2.5667746748577813e+00        1.6541415685329852e+00
        3.1908384519493183e+00        1.9836764513062377e+00        0.0000000000000000e+00        2.4692612590371414e+00        1.6575829088171012e+00
       -1.3489347902492455e+00        6.1922701203762642e-01        0.0000000000000000e+00        2.3716526617316065e+00        1.6672262808598681e+00
        0.0000000000000000e+00        1.9793818920902595e+00        9.5649055297322150e-01        2.3716526617316065e+00        1.6849072544323995e+00
        2.4514819557605705e+00        1.9761223074272749e+00        0.0000000000000000e+00        2.4692612590371414e+00        1.7677490586528677e+00
        4.0340281457908134e+00        2.4678663326014316e-01        0.0000000000000000e+00        2.4692612590371414e+00        1.6917013889531596e+00
        3.4122090626077295e+00        1.6028771969615718e+00        1.4511547401038882e+00        2.3716526617316065e+00        1.5455937571298151e+00
        1.7024729243921399e+00        1.6007390398904420e+00        0.0000000000000000e+00        2.3716526617316065e+00        1.5849505658430907e+00
       -8.5093454409062019e-01        9.8400989523668159e-01        0.0000000000000000e+00        2.2739486969489340e+00        1.4838145129902891e+00
        1.2154361415877446e+00        1.8428465357136048e+00        1.2809266666657493e+00        2.2739486969489340e+00        1.5396842523134779e+00
        2.6696340265331742e+00        8.5902749488333541e-01        0.0000000000000000e+00        1.9802627296179729e+00        1.4542689038366419e+00
        1.5747238922596551e+00        0.0000000000000000e+00        0.0000000000000000e+00        1.9802627296179729e+00        1.4103728545507010e+00
        1.6935486681887824e+00        2.6958042584411146e+00        1.8110753309940719e+00        1.7839918128331016e+00        1.5250166751410887e+00
       -1.0884354487711079e+00       -4.8969598720773888e-01        0.0000000000000000e+00        1.3902905168991433e+00        1.3453347967097962e+00
        4.8387097429838377e-01        1.2238654808943039e+00        0.0000000000000000e+00        1.4888612493750559e+00        1.3854190497437635e+00
        1.6920135747188425e+00        1.1004127318575030e+00        1.1072955243587757e+00        1.6857117066422806e+00        1.3114942077828040e+00
        1.9308129668406337e+00        3.6658011587960004e-01        0.0000000000000000e+00        1.5873349156290164e+00        1.1885385812836269e+00
        7.2325466780078784e-01        1.2216849081596592e-01        0.0000000000000000e+00        1.3902905168991433e+00        1.2375509515845984e+00
        9.6366196706654250e-01        1.3430331564180165e+00        4.9114914591896763e-01        1.2916225266546228e+00        1.2174686160344450e+00
       -2.1693287016653073e+00        1.2201942152998413e-01        0.0000000000000000e+00        9.9503308531680923e-01        1.1140183685714788e+00
        1.2062119927733761e-01        1.7069704158508614e+00        0.0000000000000000e+00        9.9503308531680923e-01        1.1571477229044724e+00
        2.4098813200126301e+00        7.3081610054153145e-01        4.0883077966213932e-01        9.9503308531680923e-01        9.1865502648156294e-01
        8.4231640460217250e-01        9.7372964060831180e-01        0.0000000000000000e+00        9.9503308531680923e-01        1.0667861964633651e+00
        8.4172557186370511e-01        1.8236161758917291e+00        0.0000000000000000e+00        9.9503308531680923e-01        1.1365504004835714e+00
       -2.4043277980716482e-01        7.2867120951620734e-01        1.9159272298612251e+00        6.9756137364251380e-01        9.7690814570476903e-01
        3.6063110714756874e-01        7.2822900990914263e-01        0.0000000000000000e+00        7.9681696491768816e-01        1.1662826787352643e+00
       -1.0822186213736984e+00       -8.4964348868936668e-01        0.0000000000000000e+00        6.9756137364251380e-01        1.0341773202139137e+00
        9.6202029403329448e-01        8.4964348868936668e-01        4.0646279282512410e-01        7.9681696491768816e-01        1.0732106652294959e+00
        0.0000000000000000e+00        1.2132854769930645e-01        0.0000000000000000e+00        5.9820716775474692e-01        1.0839390937393389e+00
        6.0087127588630551e-01        1.6973128713726027e+00        0.0000000000000000e+00        5.9820716775474692e-01        1.1119087568010499e+00
        1.3208586914220888e+00        7.2668552886909765e-01        6.9004025433905269e-01        5.9820716775474692e-01        9.9160986561726006e-01
       -1.4410088792573106e+00       -4.8440812041476988e-01        0.0000000000000000e+00        5.9820716775474692e-01        9.5084673495904326e-01
       -8.4138832514994988e-01        1.4526381275565825e+00        0.0000000000000000e+00        5.9820716775474692e-01        8.9195807248438896e-01
       -3.3714651918590022e+00        1.0883257661390644e+00        1.4169338231351247e+00        4.9875415110389681e-01        9.6062218054395743e-01
       -1.8100460971169241e+00        3.1385190408684593e+00        0.0000000000000000e+00        2.9955089797983708e-01        8.1292999257831511e-01
        4.3395326046063332e+00        2.1680222699387741e+00        0.0000000000000000e+00        3.9920212695374568e-01        8.7177440100605352e-01
        2.2839976842540466e+00        1.2033091010330565e-01        2.0959338563226737e+00        4.9875415110389681e-01        8.5707608093210652e-01
        1.0803782053237398e+00        4.8120301396679110e-01        0.0000000000000000e+00        5.9820716775474692e-01        7.8337249057636171e-01
        2.3973636981743596e+00        1.5625784749104810e+00        0.0000000000000000e+00        6.9756137364251380e-01        9.8364739711458427e-01
        4.7889853972975516e-01        7.2050437469179940e-01        1.4446243631667244e+00        6.9756137364251380e-01        9.7209764847070446e-01
       -1.0777906018685002e+00        2.4007202240774461e-01        0.0000000000000000e+00        6.9756137364251380e-01        1.0623471328093714e+00
       -8.3895134503251256e-01        1.5592985351613464e+00        0.0000000000000000e+00        6.9756137364251380e-01        1.0201108563926198e+00
       -7.1956828060635303e-01        7.1899343073731359e-01        1.4394257836460866e+00        6.9756137364251380e-01        1.0117792297555717e+00
        1.1990408671472608e+00        1.9152123766183138e+00        0.0000000000000000e+00        7.9681696491768816e-01        1.1610579833603474e+00
        2.3966447053815898e-01        5.9787754711848606e-01        0.0000000000000000e+00        6.9756137364251380e-01        1.0539620775884551e+00
       -2.3988013985011492e+00        4.7808765572661116e-01        7.5761374390630465e-01        6.9756137364251380e-01        1.0112726983515508e+00
       -3.1256278941562243e+00        1.0750013161072047e+00        0.0000000000000000e+00        6.9756137364251380e-01        1.0370090414245858e+00
       -9.6337185304520290e-01        7.1613290368794935e-01        0.0000000000000000e+00        5.9820716775474692e-01        9.8424014388998060e-01
        2.7676121568514844e+00        1.5501567217537371e+00        8.7544802155896662e-01        6.9756137364251380e-01        1.0387628361578471e+00
       -2.4040869558561440e-01       -1.3115406939242291e+00        0.0000000000000000e+00        4.9875415110389681e-01        9.6571012840174220e-01
        3.2414606273576396e+00        1.6689849700114223e+00        0.0000000000000000e+00        5.9820716775474692e-01        9.7406594628521859e-01
        2.3954494430274309e+00        1.1912443549775276e-01        7.1485324824323015e-01        5.9820716775474692e-01        9.7261584508148147e-01
        1.1964704132729764e-01        7.1449838371684393e-01        0.0000000000000000e+00        6.9756137364251380e-01        9.6235675004727739e-01
       -1.1964704132729764e-01        9.5200322327535503e-01        0.0000000000000000e+00        5.9820716775474692e-01        9.3097631897851585e-01
        1.7934542271206055e+00        1.3077724581613381e+00        8.7197814951629482e-01        5.9820716775474692e-01        9.6216583171155889e-01
        2.5063413556996039e+00        1.1876485530013525e+00        0.0000000000000000e+00        6.9756137364251380e-01        8.6203159520161776e-01
        1.1916584891903170e+00        1.1864742908418435e+00        0.0000000000000000e+00        6.9756137364251380e-01        9.0453377519352784e-01
        3.8053743117341554e+00        1.3037682155630392e+00        5.9344256965978559e-01        9.9503308531680923e-01        9.2221388387985215e-01
        4.0300314448003860e+00        5.9215397204539499e-01        0.0000000000000000e+00        1.1928570865273813e+00        9.7678440333668348e-01
        2.0099516990331523e+00        8.2852496263718933e-01        0.0000000000000000e+00        1.0939940038334264e+00        9.8454377895711431e-01
       -1.1819167704210543e+00        1.4189989828505389e+00        1.1842503469164711e+00        1.0939940038334264e+00        9.5921625456591997e-01
        1.7724389023122455e+00        2.3612758504444997e+00        0.0000000000000000e+00        1.3902905168991433e+00        1.3677950019818752e+00
       -1.0631491565121109e+00       -1.1795350675392058e-01        0.0000000000000000e+00        1.1928570865273813e+00        1.1799546931155369e+00
       -3.5459246748992257e-01        1.0611644022397115e+00        1.7698273796959541e+00        1.1928570865273813e+00        1.2855287185710829e+00
        7.0908018608335510e-01        1.4134277252470184e+00        0.0000000000000000e+00        1.1928570865273813e+00        1.3728397607073006e+00
        2.3605791029165601e+00        1.5293370042133603e+00        0.0000000000000000e+00        1.3902905168991433e+00        1.4290152151088087e+00
        2.7089376965168555e+00        1.1750882255096684e+00        9.4071576920420341e-01        1.3902905168991433e+00        1.3433550056236143e+00
        4.7049598720825259e-01       -1.8806938906852366e+00        0.0000000000000000e+00        1.2916225266546228e+00        1.1866956306435306e+00
        3.5228521240021848e+00        1.9981394498692850e+00        0.0000000000000000e+00        1.3902905168991433e+00        1.1412953476371612e+00
        1.0548420857965368e+00        5.8705543952441985e-01        1.4849567660231600e+00        1.2916225266546228e+00        1.1580109777885816e+00
        3.3926417918493712e+00        1.4077624060519156e+00        0.0000000000000000e+00        1.2916225266546228e+00        1.2126140601369073e+00
       -1.1682811672528715e-01        8.2043271252665306e-01        0.0000000000000000e+00        1.2916225266546228e+00        1.2000930968291357e+00
        1.8678863582703542e+00        2.5748571275716614e+00        1.6348796601079130e+00        1.2916225266546228e+00        1.3198607790081418e+00
        1.3990091937262861e+00        0.0000000000000000e+00        0.0000000000000000e+00        1.1928570865273813e+00        1.0306362497305877e+00
        5.2318059910696491e+00        2.8026482183136636e+00        0.0000000000000000e+00        1.4888612493750559e+00        1.2820688429060922e+00
        1.3913045036819227e+00       -1.1664641564443912e-01        1.4347356761515329e+00        1.3902905168991433e+00        1.1825280767234325e+00
        2.0839368479013132e+00        1.7485067934011056e+00        0.0000000000000000e+00        1.5873349156290164e+00        1.1907783861615506e+00
        1.2717376786405055e+00        6.9868997606938876e-01        0.0000000000000000e+00        1.4888612493750559e+00        1.1690389646657806e+00
        3.4615408618314802e+00        9.3095427477649650e-01        1.5452984256864255e+00        1.5873349156290164e+00        1.1427589011248074e+00
        2.5321321499752969e+00        4.6520644118146492e-01        0.0000000000000000e+00        1.6857117066422806e+00        1.2594624920400754e+00
       -2.2997317050155175e-01       -1.1628470380742328e-01        0.0000000000000000e+00        1.4888612493750559e+00        1.2637477412456910e+00
       -3.8009342139396551e+00        2.3255814026299504e-01        1.9232655573340196e+00        1.3902905168991433e+00        1.1833309758171318e+00
       -2.3074704426448989e-01        6.9740412656464912e-01        0.0000000000000000e+00        1.2916225266546228e+00        1.2174486869739098e+00
        1.4990632805179871e+00        1.1619462608933873e-01        0.0000000000000000e+00        1.3902905168991433e+00        1.1761982499907120e+00
        2.3026007256888192e+00        2.0895816443779580e+00        1.5702064301677865e+00        1.3902905168991433e+00        1.0530989551772230e+00
        3.6749956945570261e+00        4.0526887557430058e+00        0.0000000000000000e+00        1.6857117066422806e+00        1.4691319975501216e+00
        1.3752269674377260e+00       -2.3121387354798628e-01        0.0000000000000000e+00        1.3902905168991433e+00        1.2372478356752481e+00
        6.8702291952931205e-01        1.9638993553101614e+00        1.6021383234697595e+00        1.3902905168991433e+00        1.4065198622897235e+00
        1.2585213529010986e+00        1.6149190171606875e+00        0.0000000000000000e+00        1.1928570865273813e+00        1.3288279275374570e+00
        8.0019055120352789e-01        1.3824886321739172e+00        0.0000000000000000e+00        1.1928570865273813e+00        1.3926207514941780e+00
        1.0280329980041358e+00        1.1508584367295072e+00        1.7094854833501927e+00        1.0939940038334264e+00        1.3295905849970424e+00
        1.0271530419323938e+00        6.8998564430948761e-01        0.0000000000000000e+00        9.9503308531680923e-01        1.3483350337287092e+00
        1.0262745909894733e+00        5.7468513142815425e-01        0.0000000000000000e+00        1.1928570865273813e+00        1.3338008990803729e+00
        1.4808488281087051e+00        1.2633393519823954e+00        2.2680083441919408e+00        1.3902905168991433e+00        1.4359810218553370e+00
       -1.1384659180286860e-01       -2.0679756194983412e+00        0.0000000000000000e+00        1.2916225266546228e+00        1.3843712725749135e+00
       -3.4160459499084084e-01        1.4938953329899363e+00        0.0000000000000000e+00        1.2916225266546228e+00        1.4296237729878314e+00
       -2.7363432284364109e+00        8.0363552393620807e-01        1.5799888877257473e+00        9.9503308531680923e-01        1.2985955427454066e+00
       -1.8277014480389653e+00        1.8348627428142805e+00        0.0000000000000000e+00        8.9597413714718033e-01        1.1090686694157803e+00
       -1.3726052397334598e+00        2.2916069963656582e-01        0.0000000000000000e+00        8.9597413714718033e-01        1.1467689526144298e+00
        2.7436422354917056e+00        9.1620542721351228e-01        4.5915300479549614e+00        7.9681696491768816e-01        1.0397069083754928e+00
        2.6234505007241893e+00        5.3686253935779860e+00        0.0000000000000000e+00        7.9681696491768816e-01        9.0755018828678757e-01
       -5.7104895049068460e+00       -7.7751582155986654e+00        0.0000000000000000e+00        2.9955089797983708e-01        5.7615271539219748e-01
       -4.5801527273567899e-01       -8.0325128507148236e-01       -3.9912673204131721e+00        1.9980026626730579e-01        4.5506335639959872e-01
        1.6022892223197971e+00        9.1795758922685877e-01        0.0000000000000000e+00        2.9955089797983708e-01        4.4543503493805758e-01
        9.1463419061987850e-01        1.1464603910152249e+00        0.0000000000000000e+00        2.9955089797983708e-01        5.7028954106064234e-01
        1.4847953162593797e+00        8.0187106224691718e-01        2.4293464068328774e+00        1.9980026626730579e-01        5.6866800958736974e-01
        1.1586610273830900e+01        9.3536595258388644e+00        0.0000000000000000e+00        9.9503308531680923e-01        1.0730837503946766e+00
        4.5210511978730494e-01       -1.2505330107138946e+00        0.0000000000000000e+00        7.9681696491768816e-01        9.6701549914568474e-01
        2.7090595646377835e+00       -5.6885518960498871e-01        2.8588788333827608e+00        1.0939940038334264e+00        9.5360209011259300e-01
        2.3654205810011319e+00        3.4134547236241986e-01        0.0000000000000000e+00        1.1928570865273813e+00        7.5131833507828816e-01
        2.5853599996221277e+00        2.0460363013004468e+00        0.0000000000000000e+00        1.1928570865273813e+00        8.4452036136193342e-01
        3.5877817999473649e+00        2.6093132474318992e+00        9.9764496776479916e-01        1.3902905168991433e+00        9.4521315771256553e-01
        7.6998450817210795e+00        6.4422099626987972e+00        0.0000000000000000e+00        1.7839918128331016e+00        1.2159910377866900e+00
        3.5542417690230366e+00        2.0272177510101130e+00        0.0000000000000000e+00        2.3716526617316065e+00        1.6439750034972000e+00
        2.6587898616998729e+00        5.6250879949928390e-01        4.6960091777833668e+00        2.3716526617316065e+00        1.9854557427908759e+00
        8.8203263700474821e+00        1.7982582741442599e+00        0.0000000000000000e+00        2.4692612590371414e+00        2.2163903481859037e+00
        8.2105871562252020e+00        4.8195086499195128e+00        0.0000000000000000e+00        2.8587456851912472e+00        2.5545248708531254e+00
        4.0299561360715330e+00        2.9047588897316956e+00        3.4500191177659900e+00        3.3434776086237421e+00        2.6486673786369153e+00
        1.2762625934787408e+01        4.7886472530201729e+00        0.0000000000000000e+00        3.6331929247390207e+00        2.6287867219807026e+00
        9.0032576671731590e+00        3.9944558381126427e+00        0.0000000000000000e+00        4.2101176018635327e+00        3.0111000816288147e+00
