       -3.2957978784509123e-01        1.2433623700118801e+00        0.0000000000000000e+00        0.0000000000000000e+00        0.0000000000000000e+00        0.0000000000000000e+00
       -1.6482384477534140e-01        1.2420754117066224e+00        0.0000000000000000e+00        0.0000000000000000e+00        0.0000000000000000e+00        0.0000000000000000e+00
       -1.6484648696852844e-01        3.1031807775683262e-01       -9.0878756098149438e-01        0.0000000000000000e+00        0.0000000000000000e+00        0.0000000000000000e+00
        1.6474467167462592e+00        1.5503878125631587e+00        0.0000000000000000e+00        0.0000000000000000e+00        0.0000000000000000e+00        0.0000000000000000e+00
        6.5834592242381973e-01        4.6472601110174594e-01        0.0000000000000000e+00        0.0000000000000000e+00        0.0000000000000000e+00        0.0000000000000000e+00
        1.8085911486863893e+00        1.2383902027867322e+00        6.9514087410240677e-01        0.0000000000000000e+00        0.0000000000000000e+00        0.0000000000000000e+00
        3.2813802235153844e+00        1.0825440517656659e+00        0.0000000000000000e+00        0.0000000000000000e+00        0.0000000000000000e+00        0.0000000000000000e+00
        1.8009417392178761e+00        1.5447993894468937e+00        0.0000000000000000e+00        0.0000000000000000e+00        0.0000000000000000e+00        0.0000000000000000e+00
        1.1446481756369309e+00        7.7165458256800434e-01        1.5995755787134414e+00        0.0000000000000000e+00        0.0000000000000000e+00        0.0000000000000000e+00
        1.6333199744913429e+00        1.5418221316764402e+00        0.0000000000000000e+00        0.0000000000000000e+00        0.0000000000000000e+00        0.0000000000000000e+00
        6.5270602642719666e-01        1.3859481810122531e+00        0.0000000000000000e+00        0.0000000000000000e+00        0.0000000000000000e+00        0.0000000000000000e+00
       -3.2630863559361956e-01        1.0768541200825155e+00       -6.3906284396253454e-01        0.0000000000000000e+00        0.0000000000000000e+00        0.0000000000000000e+00
        6.5252856420308092e-01        1.9973117727936085e+00        0.0000000000000000e+00        0.0000000000000000e+00        0.0000000000000000e+00        0.0000000000000000e+00
        3.2613126984273322e-01        1.0741001931879879e+00        0.0000000000000000e+00        0.0000000000000000e+00        0.0000000000000000e+00        0.0000000000000000e+00
        2.1176955200747472e+00        2.1453204539074733e+00        2.1792625826773104e+00        0.0000000000000000e+00        0.0000000000000000e+00        0.0000000000000000e+00
        1.6264572834177926e+00        1.9886549264146680e+00        0.0000000000000000e+00        0.0000000000000000e+00        0.0000000000000000e+00        0.0000000000000000e+00
        1.1372098596982738e+00        1.3748330699961286e+00        0.0000000000000000e+00        0.0000000000000000e+00        0.0000000000000000e+00        0.0000000000000000e+00
        4.8704593782247230e-01        4.5792788191683087e-01        1.8509982128190217e+00        0.0000000000000000e+00        0.0000000000000000e+00        0.0000000000000000e+00
        1.1356723621929632e+00        1.9823373209998607e+00        0.0000000000000000e+00        0.0000000000000000e+00        0.0000000000000000e+00        0.0000000000000000e+00
        6.4847340135330001e-01        1.5226496142680901e+00        0.0000000000000000e+00        0.0000000000000000e+00        0.0000000000000000e+00        0.0000000000000000e+00
        4.8612518388111425e-01        1.0647063249958677e+00        3.9900580227278937e+00        0.0000000000000000e+00        0.0000000000000000e+00        0.0000000000000000e+00
        1.6199797527107762e-01        7.5992656583103724e-01        0.0000000000000000e+00        0.0000000000000000e+00        0.0000000000000000e+00        0.0000000000000000e+00
        0.0000000000000000e+00        7.5944563005663213e-01        0.0000000000000000e+00        1.1434377625663170e+00        1.4888612493750559e+00        0.0000000000000000e+00
        0.0000000000000000e+00        0.0000000000000000e+00        5.2205697830842723e-01        0.0000000000000000e+00        0.0000000000000000e+00        0.0000000000000000e+00
        3.2393035694120442e-01        9.1070077732986476e-01        0.0000000000000000e+00        0.0000000000000000e+00        0.0000000000000000e+00        0.0000000000000000e+00
        2.4266944569209414e+00        1.5163004291938620e+00        0.0000000000000000e+00        1.4494446150452511e+00        1.6463726030665031e+00        0.0000000000000000e+00
        4.5167414529526440e+00        1.3630341592943296e+00        8.8593613182119668e-01        0.0000000000000000e+00        0.0000000000000000e+00        0.0000000000000000e+00
       -3.2206119356033014e-01        9.0783007734174248e-01        0.0000000000000000e+00        0.0000000000000000e+00        0.0000000000000000e+00        0.0000000000000000e+00
        3.2206119356033014e-01        7.5600078100528378e-01        0.0000000000000000e+00        1.4790085472635346e+00        1.6562088298978230e+00        0.0000000000000000e+00
        2.5733825704467250e+00        1.8124610116444728e+00        7.2812398209762819e-01        0.0000000000000000e+00        0.0000000000000000e+00        0.0000000000000000e+00
        2.0868174612299839e+00        9.0520497126149735e-01        0.0000000000000000e+00        0.0000000000000000e+00        0.0000000000000000e+00        0.0000000000000000e+00
        1.2823939238089110e+00        0.0000000000000000e+00        0.0000000000000000e+00        1.5085637418040954e+00        1.6955440649413369e+00        0.0000000000000000e+00
        2.0809716413559443e+00        1.3565284368652897e+00        1.2969338902291128e+00        0.0000000000000000e+00        0.0000000000000000e+00        0.0000000000000000e+00
        1.9176991696149059e+00        1.8063224685157309e+00        0.0000000000000000e+00        0.0000000000000000e+00        0.0000000000000000e+00        0.0000000000000000e+00
        3.1893706482254203e+00        9.0214263113708171e-01        0.0000000000000000e+00        1.6266972463871938e+00        1.6955440649413369e+00        0.0000000000000000e+00
        1.7505473563922180e+00        3.0056355824044090e-01        1.3959815112514207e+00        0.0000000000000000e+00        0.0000000000000000e+00        0.0000000000000000e+00
        1.9067800622142528e+00        6.0090136458370580e-01        0.0000000000000000e+00        0.0000000000000000e+00        0.0000000000000000e+00        0.0000000000000000e+00
        2.6960957617628623e+00        6.0060061313862434e-01        0.0000000000000000e+00        1.6955440649413369e+00        1.7446913603720704e+00        0.0000000000000000e+00
       -1.5842629899580629e-01        7.5032829306351800e-01        1.4425569473200284e+00        0.0000000000000000e+00        0.0000000000000000e+00        0.0000000000000000e+00
        1.5833225677411633e+00        4.4997188203019789e-01        0.0000000000000000e+00        0.0000000000000000e+00        0.0000000000000000e+00        0.0000000000000000e+00
        4.7374716091013624e+00        1.9479307517677569e+00        0.0000000000000000e+00        1.7938145131012999e+00        1.7839918128331016e+00        0.0000000000000000e+00
        1.4176020549971469e+00        2.9940119915785601e-01        1.9494716027704584e+00        0.0000000000000000e+00        0.0000000000000000e+00        0.0000000000000000e+00
        2.3589549566260359e+00        2.3925241570331934e+00        0.0000000000000000e+00        0.0000000000000000e+00        0.0000000000000000e+00        0.0000000000000000e+00
        5.7990056039237459e+00        1.0452311990391649e+00        0.0000000000000000e+00        1.8036362486098574e+00        1.7545179215748865e+00        0.0000000000000000e+00
        7.8150442358335681e-01        1.7897095040044775e+00        2.0418625246730215e+00        0.0000000000000000e+00        0.0000000000000000e+00        0.0000000000000000e+00
        3.5883794534974811e+00        2.0846264083569821e+00        0.0000000000000000e+00        0.0000000000000000e+00        0.0000000000000000e+00        0.0000000000000000e+00
       -1.5588466728367223e+00       -5.9523810744259720e-01        0.0000000000000000e+00        1.6562088298978230e+00        1.7250353406527672e+00        0.0000000000000000e+00
       -7.8018337056811049e-01        5.9523810744259720e-01        3.0433826752620519e+00        0.0000000000000000e+00        0.0000000000000000e+00        0.0000000000000000e+00
        3.5846510193984216e+00        1.4868047992980138e+00        0.0000000000000000e+00        0.0000000000000000e+00        0.0000000000000000e+00        0.0000000000000000e+00
        2.6426592712727626e+00        1.6333603957129128e+00        0.0000000000000000e+00        1.7643435172595281e+00        1.8036362486098574e+00        0.0000000000000000e+00
        4.4946775182211240e+00        2.8160329109180537e+00        2.1669344333570706e+00        0.0000000000000000e+00        0.0000000000000000e+00        0.0000000000000000e+00
        5.2482718079833290e+00        1.3316073125256622e+00        0.0000000000000000e+00        0.0000000000000000e+00        0.0000000000000000e+00        0.0000000000000000e+00
        2.0006416945729910e+00        2.3636595109742586e+00        0.0000000000000000e+00        1.7839918128331016e+00        1.7545179215748865e+00        0.0000000000000000e+00
        6.1491161991185095e-01        2.6535637348587215e+00        2.8544722075185547e+00        0.0000000000000000e+00        0.0000000000000000e+00        0.0000000000000000e+00
        7.6819668457872581e-01        2.2068295314188191e+00        0.0000000000000000e+00        0.0000000000000000e+00        0.0000000000000000e+00        0.0000000000000000e+00
        2.9146706563221159e+00        2.0560523938232933e+00        0.0000000000000000e+00        1.6168581161583688e+00        1.7938145131012999e+00        0.0000000000000000e+00
        1.5320778827145887e-01        2.7847340741306681e+00        3.0819091194850046e+00        0.0000000000000000e+00        0.0000000000000000e+00        0.0000000000000000e+00
        0.0000000000000000e+00        2.3400373045944889e+00        0.0000000000000000e+00        0.0000000000000000e+00        0.0000000000000000e+00        0.0000000000000000e+00
        1.3779905820452854e+00        2.1896484391866977e+00        0.0000000000000000e+00        1.7250353406527672e+00        1.8232768261059684e+00        0.0000000000000000e+00
        7.6268211482748427e+00        4.9484606206348758e+00        2.7633961375247651e+00        0.0000000000000000e+00        0.0000000000000000e+00        0.0000000000000000e+00
        1.3676946962736025e+00        2.0316850904684713e+00        0.0000000000000000e+00        0.0000000000000000e+00        0.0000000000000000e+00        0.0000000000000000e+00
        2.7307217852140298e+00        2.0282511166879402e+00        0.0000000000000000e+00        1.8723613998102511e+00        1.8919884852510769e+00        0.0000000000000000e+00
        3.3291320217589515e+00        1.4466547864188328e+00        1.0804180908703387e+00        0.0000000000000000e+00        0.0000000000000000e+00        0.0000000000000000e+00
        1.2083072134817741e+00        2.1667174108060294e+00        0.0000000000000000e+00        0.0000000000000000e+00        0.0000000000000000e+00        0.0000000000000000e+00
        1.5095289031776815e-01        2.1628122406326611e+00        0.0000000000000000e+00        1.7643435172595281e+00        1.8330956684723418e+00        1.8330956684723418e+00
        2.5632980783861115e+00        2.7339780397344526e+00        2.9805304947366551e+00        0.0000000000000000e+00        0.0000000000000000e+00        0.0000000000000000e+00
        1.9564812761863948e+00        1.4364378061863192e+00        0.0000000000000000e+00        0.0000000000000000e+00        0.0000000000000000e+00        0.0000000000000000e+00
        2.4036062117236412e+00        1.2913255266582269e+00        0.0000000000000000e+00        1.7938145131012999e+00        1.8330956684723418e+00        1.8330956684723418e+00
        2.0992133305369975e+00        1.8627981530425330e+00        1.5062271062433297e+00        0.0000000000000000e+00        0.0000000000000000e+00        0.0000000000000000e+00
        0.0000000000000000e+00        2.4316117742785082e+00        0.0000000000000000e+00        0.0000000000000000e+00        0.0000000000000000e+00        0.0000000000000000e+00
        1.9459868295008675e+00        1.5707743065110691e+00        0.0000000000000000e+00        1.7446913603720704e+00        1.7938145131012999e+00        1.8821754240587667e+00
        5.6702418359343199e+00        1.5687208841701050e+00        2.6102811664753034e+00        0.0000000000000000e+00        0.0000000000000000e+00        0.0000000000000000e+00
        3.7158635005379637e+00        1.2819753133314293e+00        0.0000000000000000e+00        0.0000000000000000e+00        0.0000000000000000e+00        0.0000000000000000e+00
        3.4084616926094213e+00        2.2756910933019014e+00        0.0000000000000000e+00        1.5578029963318463e+00        1.6955440649413369e+00        1.8625464123164819e+00
       -1.3325931408321168e+00        1.5620379698074061e+00        2.3539370160982287e+00        0.0000000000000000e+00        0.0000000000000000e+00        0.0000000000000000e+00
       -5.9273895994031989e-01        1.7017256456188790e+00        0.0000000000000000e+00        0.0000000000000000e+00        0.0000000000000000e+00        0.0000000000000000e+00
        1.9253321007724367e+00        1.5577980590968821e+00        0.0000000000000000e+00        1.4888612493750559e+00        1.7053754565827621e+00        1.8625464123164819e+00
        2.0699857276763822e+00        1.2730595877783912e+00        2.7685074718672098e+00        0.0000000000000000e+00        0.0000000000000000e+00        0.0000000000000000e+00
        2.8035672143641222e+00        1.2717104516667632e+00        0.0000000000000000e+00        0.0000000000000000e+00        0.0000000000000000e+00        0.0000000000000000e+00
        3.0910780661177029e+00        2.3984488614679833e+00        0.0000000000000000e+00        1.6266972463871938e+00        1.7938145131012999e+00        1.9214218923804371e+00
        1.0285924832313498e+00        1.4086161964918631e+00        6.6539939298628781e-01        0.0000000000000000e+00        0.0000000000000000e+00        0.0000000000000000e+00
        1.0277115695139116e+00        8.4437672066073333e-01        0.0000000000000000e+00        0.0000000000000000e+00        0.0000000000000000e+00        0.0000000000000000e+00
        5.8686882206586688e-01        1.5464825525064896e+00        0.0000000000000000e+00        1.6758783814954623e+00        1.7839918128331016e+00        1.9018005835761951e+00
        4.1000650014812123e+00        3.5073386750031688e+00        2.1785514424941255e+00        0.0000000000000000e+00        0.0000000000000000e+00        0.0000000000000000e+00
        1.7528913646405186e+00        2.7985087310273826e+00        0.0000000000000000e+00        0.0000000000000000e+00        0.0000000000000000e+00        0.0000000000000000e+00
        3.6436537376541622e+00        1.1175786605221560e+00        0.0000000000000000e+00        1.6857117066422806e+00        1.8330956684723418e+00        1.8919884852510769e+00
        3.3424181463860947e+00        2.7894015349378520e+00        2.4485067625427348e+00        0.0000000000000000e+00        0.0000000000000000e+00        0.0000000000000000e+00
        3.3331342002046682e+00        6.9633844001231182e-01        0.0000000000000000e+00        0.0000000000000000e+00        0.0000000000000000e+00        0.0000000000000000e+00
        1.3017538792386318e+00        2.2255715200561355e+00        0.0000000000000000e+00        1.7643435172595281e+00        1.8527304613883560e+00        1.9018005835761951e+00
        1.5891171888323896e+00        1.2500724551969711e+00        1.3122448793112085e+00        0.0000000000000000e+00        0.0000000000000000e+00        0.0000000000000000e+00
        2.7398918350151291e+00        2.2191407156444853e+00        0.0000000000000000e+00        0.0000000000000000e+00        0.0000000000000000e+00        0.0000000000000000e+00
        7.1998562188682058e-01        1.2464655745915820e+00        0.0000000000000000e+00        1.8330956684723418e+00        1.8232768261059684e+00        1.8723613998102511e+00
        3.3063812472093446e+00        9.6857889374994954e-01        2.0999873234828215e+00        0.0000000000000000e+00        0.0000000000000000e+00        0.0000000000000000e+00
        0.0000000000000000e+00        1.6586042723414351e+00        0.0000000000000000e+00        0.0000000000000000e+00        0.0000000000000000e+00        0.0000000000000000e+00
        1.4347204004614866e+00        1.9321453282906020e+00        0.0000000000000000e+00        1.7053754565827621e+00        1.7741681476157127e+00        1.8821754240587667e+00
        5.7340820586979646e-01        1.2404526459203424e+00        1.6720878970129860e+00        0.0000000000000000e+00        0.0000000000000000e+00        0.0000000000000000e+00
        2.7199534460411456e+00        5.5090096227559116e-01        0.0000000000000000e+00        0.0000000000000000e+00        0.0000000000000000e+00        0.0000000000000000e+00
        4.2821503748886158e+00        1.5136748753192819e+00        0.0000000000000000e+00        1.7545179215748865e+00        1.7839918128331016e+00        1.8723613998102511e+00
        2.9884391371520991e+00        9.6225447621414162e-01        1.8958477198747659e+00        0.0000000000000000e+00        0.0000000000000000e+00        0.0000000000000000e+00
        1.1364982499788567e+00        1.7849994709592920e+00        0.0000000000000000e+00        0.0000000000000000e+00        0.0000000000000000e+00        0.0000000000000000e+00
        2.2697725173536298e+00        8.2295122667588316e-01        0.0000000000000000e+00        1.7250353406527672e+00        1.7839918128331016e+00        1.9214218923804371e+00
        3.8205326771269199e+00        1.2333696055218724e+00        1.4734677649414607e+00        0.0000000000000000e+00        0.0000000000000000e+00        0.0000000000000000e+00
        2.9631386682865468e+00        1.6425233544236306e+00        0.0000000000000000e+00        0.0000000000000000e+00        0.0000000000000000e+00        0.0000000000000000e+00
        5.0627052709998566e+00        1.3670541464801289e+00        0.0000000000000000e+00        1.7741681476157127e+00        1.7839918128331016e+00        1.8625464123164819e+00
        1.4025247038365052e+00        1.5019629883656904e+00        3.0676050306858826e+00        0.0000000000000000e+00        0.0000000000000000e+00        0.0000000000000000e+00
       -1.9639938917613620e+00        1.5000854274621389e+00        0.0000000000000000e+00        0.0000000000000000e+00        0.0000000000000000e+00        0.0000000000000000e+00
        9.8239874500372082e-01        1.2259493659502851e+00        0.0000000000000000e+00        1.8723613998102511e+00        1.9018005835761951e+00        1.8821754240587667e+00
        3.2222306442807991e+00        6.8054218349828943e-01        1.1386287221721858e+00        0.0000000000000000e+00        0.0000000000000000e+00        0.0000000000000000e+00
        1.9571299771619977e+00        1.0880653584628419e+00        0.0000000000000000e+00        0.0000000000000000e+00        0.0000000000000000e+00        0.0000000000000000e+00
        2.0933889125863914e+00        1.9017436626853623e+00        0.0000000000000000e+00        2.1076325601916310e+00        1.8625464123164819e+00        1.8919884852510769e+00
        4.4537281465217404e+00        1.2209599154047623e+00        2.3580161246908204e+00        0.0000000000000000e+00        0.0000000000000000e+00        0.0000000000000000e+00
        3.1909377724776533e+00        1.7614184837078994e+00        0.0000000000000000e+00        0.0000000000000000e+00        0.0000000000000000e+00        0.0000000000000000e+00
        2.0764843388647591e+00        2.1643563527145915e+00        0.0000000000000000e+00        2.0488666427315603e+00        1.8821754240587667e+00        1.9018005835761951e+00
        3.4528423431112287e+00        1.4857337707478990e+00        2.0294310402803717e+00        0.0000000000000000e+00        0.0000000000000000e+00        0.0000000000000000e+00
        1.6538419983145758e+00        9.4451008418054982e-01        0.0000000000000000e+00        0.0000000000000000e+00        0.0000000000000000e+00        0.0000000000000000e+00
       -1.7917651063338980e+00        2.0214503067577994e+00        0.0000000000000000e+00        2.0390689647733979e+00        1.8625464123164819e+00        1.9018005835761951e+00
       -6.8985342515013315e-01        1.6147120624289357e+00        2.3323681243173411e+00        0.0000000000000000e+00        0.0000000000000000e+00        0.0000000000000000e+00
        1.5171543886314254e+00        2.0153394425154403e+00        0.0000000000000000e+00        0.0000000000000000e+00        0.0000000000000000e+00        0.0000000000000000e+00
        1.3775687427212802e+00        1.4757674172582114e+00        0.0000000000000000e+00        2.0194707285519256e+00        1.8625464123164819e+00        1.8919884852510769e+00
        3.0250961362447981e+00        3.4809797922925156e+00        3.2515072420107316e+00        0.0000000000000000e+00        0.0000000000000000e+00        0.0000000000000000e+00
        1.7839788293400716e+00        2.1371332451927572e+00        0.0000000000000000e+00        0.0000000000000000e+00        0.0000000000000000e+00        0.0000000000000000e+00
        2.6025921964766496e+00        1.0671410218613175e+00        0.0000000000000000e+00        1.9508466388043013e+00        1.9116117192230144e+00        1.9018005835761951e+00
        5.1883116435444521e+00        3.3287122592707163e+00        1.8588216677521530e+00        0.0000000000000000e+00        0.0000000000000000e+00        0.0000000000000000e+00
        2.5857679412609968e+00        1.8600535167951904e+00        0.0000000000000000e+00        0.0000000000000000e+00        0.0000000000000000e+00        0.0000000000000000e+00
        1.7660047337468399e+00        9.2894668725307383e-01        0.0000000000000000e+00        1.9410393519823388e+00        1.9312311032372884e+00        1.9312311032372884e+00
        2.4409546217459166e+00        1.7232811577983398e+00        2.0259897969683749e+00        0.0000000000000000e+00        0.0000000000000000e+00        0.0000000000000000e+00
        1.0832769862265224e+00        1.0592519721225102e+00        0.0000000000000000e+00        0.0000000000000000e+00        0.0000000000000000e+00        0.0000000000000000e+00
        2.5688703405034374e+00        1.0583177843948022e+00        0.0000000000000000e+00        1.9606529638918351e+00        1.9116117192230144e+00        1.9116117192230144e+00
        4.1795447004091102e+00        1.7177781934570646e+00        3.3249671927965352e+00        0.0000000000000000e+00        0.0000000000000000e+00        0.0000000000000000e+00
        7.1121259346927701e+00        2.3744099205533331e+00        0.0000000000000000e+00        0.0000000000000000e+00        0.0000000000000000e+00        0.0000000000000000e+00
        1.7380650356152216e+00        1.7119344467257491e+00        0.0000000000000000e+00        1.9704583274335430e+00        1.9508466388043013e+00        1.9312311032372884e+00
        5.3321571847902760e+00        2.6289856062437167e+00        1.6087852547016723e+00        0.0000000000000000e+00        0.0000000000000000e+00        0.0000000000000000e+00
        1.5950378954496358e+00        1.1811670445641909e+00        0.0000000000000000e+00        0.0000000000000000e+00        0.0000000000000000e+00        0.0000000000000000e+00
        5.6982051744931539e+00        2.8824121294068306e+00        0.0000000000000000e+00        2.1076325601916310e+00        2.0194707285519256e+00        1.9312311032372884e+00
        2.5092178844939639e+00        3.9252031097340989e-01        2.4658056780726412e+00        0.0000000000000000e+00        0.0000000000000000e+00        0.0000000000000000e+00
        6.9717926989952161e+00        2.4829848227231111e+00        0.0000000000000000e+00        0.0000000000000000e+00        0.0000000000000000e+00        0.0000000000000000e+00
        5.4961928142901684e+00        2.2172714313310138e+00        0.0000000000000000e+00        2.3716526617316065e+00        2.0880477579355130e+00        2.0096701699122397e+00
        3.6501929285815748e+00        1.0420059267563175e+00        7.7552803268154946e-01        0.0000000000000000e+00        0.0000000000000000e+00        0.0000000000000000e+00
       -2.3452776194794467e+00        1.8213359957851338e+00        0.0000000000000000e+00        0.0000000000000000e+00        0.0000000000000000e+00        0.0000000000000000e+00
        1.0429115268067335e+00        1.8185757972876360e+00        0.0000000000000000e+00        1.9312311032372884e+00        1.9606529638918351e+00        1.9704583274335430e+00
       -1.6951918059543658e+00        2.2045718633673772e+00        1.5894345136199917e+00        0.0000000000000000e+00        0.0000000000000000e+00        0.0000000000000000e+00
       -4.9689511992372815e+00        1.9418527350890002e+00        0.0000000000000000e+00        0.0000000000000000e+00        0.0000000000000000e+00        0.0000000000000000e+00
       -4.5949402458795419e+00        1.1636051119147339e+00        0.0000000000000000e+00        1.4297304700824394e+00        1.6955440649413369e+00        1.9214218923804371e+00
        7.8895466352726373e-01        7.7511037251873915e-01        1.6258445744654182e+00        0.0000000000000000e+00        0.0000000000000000e+00        0.0000000000000000e+00
        1.8388795192148422e+00        1.4197366539107747e+00        0.0000000000000000e+00        0.0000000000000000e+00        0.0000000000000000e+00        0.0000000000000000e+00
       -1.3131977672966144e+00        7.7369441751748980e-01        0.0000000000000000e+00        1.1632084229707695e+00        1.6070180177494460e+00        1.9116117192230144e+00
        1.7068770315852078e+00        2.1894291021315126e+00       -6.4099153720071911e-01        0.0000000000000000e+00        0.0000000000000000e+00        0.0000000000000000e+00
        7.8697128189446630e-01        9.0036983697707740e-01        0.0000000000000000e+00        0.0000000000000000e+00        0.0000000000000000e+00        0.0000000000000000e+00
        3.2735030393208575e+00        3.8566608077346132e-01        0.0000000000000000e+00        1.2027380212718455e+00        1.5676479385007616e+00        1.9606529638918351e+00
       -1.9630300467905926e+00        5.1402870779604370e-01        1.7103153654467462e-01        0.0000000000000000e+00        0.0000000000000000e+00        0.0000000000000000e+00
        3.0086678430464531e+00        1.4124446550702885e+00        0.0000000000000000e+00        0.0000000000000000e+00        0.0000000000000000e+00        0.0000000000000000e+00
       -7.8414291616191178e-01        7.6972420855909718e-01        0.0000000000000000e+00        1.2817503710614342e+00        1.6463726030665031e+00        1.9018005835761951e+00
        2.6143790953021551e-01        8.9738800186651702e-01        8.5406245748487208e-01        0.0000000000000000e+00        0.0000000000000000e+00        0.0000000000000000e+00
        2.4808234721184874e+00        8.9671741562611373e-01        0.0000000000000000e+00        0.0000000000000000e+00        0.0000000000000000e+00        0.0000000000000000e+00
        5.2162574174943188e-01        1.5356725994713827e+00        0.0000000000000000e+00        1.3705647056111967e+00        1.6365354086264230e+00        1.8919884852510769e+00
        3.3850516099700911e+00        6.3928401703741145e-01        6.3935225930116246e-01        0.0000000000000000e+00        0.0000000000000000e+00        0.0000000000000000e+00
        5.1993068404350140e-01        6.3894362832179752e-01        0.0000000000000000e+00        0.0000000000000000e+00        0.0000000000000000e+00        0.0000000000000000e+00
        4.0218427830314596e+00        7.6628355094321421e-01        0.0000000000000000e+00        1.4198719399812927e+00        1.6365354086264230e+00        1.8919884852510769e+00
        4.0084084466776915e+00        1.0209508219798380e+00        3.8312140426910446e-01        0.0000000000000000e+00        0.0000000000000000e+00        0.0000000000000000e+00
        7.7427683082014198e-01        7.6514349032237305e-01        0.0000000000000000e+00        0.0000000000000000e+00        0.0000000000000000e+00        0.0000000000000000e+00
        9.0269199893739938e-01        1.2741559914438483e+00        0.0000000000000000e+00        1.4691548742989682e+00        1.6758783814954623e+00        1.9312311032372884e+00
        1.6746285794354776e+00        1.5272035150722729e+00        1.8254210507411273e+00        0.0000000000000000e+00        0.0000000000000000e+00        0.0000000000000000e+00
        1.1579907616031448e+00        1.1441284833040299e+00        0.0000000000000000e+00        0.0000000000000000e+00        0.0000000000000000e+00        0.0000000000000000e+00
        1.2853471665920324e+00        1.1430386639769807e+00        0.0000000000000000e+00        1.5381102038302392e+00        1.6365354086264230e+00        1.8821754240587667e+00
        2.0536960836768259e+00        1.9026482501878661e+00        9.3072490431573840e-01        0.0000000000000000e+00        0.0000000000000000e+00        0.0000000000000000e+00
        2.3062146752380386e+00        1.0135135737620260e+00        0.0000000000000000e+00        0.0000000000000000e+00        0.0000000000000000e+00        0.0000000000000000e+00
        4.0890253600082360e+00        5.0643596447024208e-01        0.0000000000000000e+00        1.7741681476157127e+00        1.7839918128331016e+00        1.9312311032372884e+00
        5.8536701441195049e+00        2.9078663546965089e+00        7.5989468764134926e-01        0.0000000000000000e+00        0.0000000000000000e+00        0.0000000000000000e+00
        2.7895194302910653e+00        1.2620951941709535e+00        0.0000000000000000e+00        0.0000000000000000e+00        0.0000000000000000e+00        0.0000000000000000e+00
        4.1721582353492437e+00        2.5225982855126006e-01        0.0000000000000000e+00        1.9214218923804371e+00        1.8330956684723418e+00        1.9410393519823388e+00
        4.4092223246032347e+00        2.6455314898573334e+00        1.0530201416592888e+00        0.0000000000000000e+00        0.0000000000000000e+00        0.0000000000000000e+00
        7.5424263953820514e-01        8.8054933454735362e-01        0.0000000000000000e+00        0.0000000000000000e+00        0.0000000000000000e+00        0.0000000000000000e+00
        1.2566102948809998e-01        1.3824162391841810e+00        0.0000000000000000e+00        1.9312311032372884e+00        1.9116117192230144e+00        1.9900661706336173e+00
        2.7612186641860603e+00        1.5062763484017694e+00        1.3019067611551804e+00        0.0000000000000000e+00        0.0000000000000000e+00        0.0000000000000000e+00
        1.8790128584790011e+00        2.3810774874029050e+00        0.0000000000000000e+00        0.0000000000000000e+00        0.0000000000000000e+00        0.0000000000000000e+00
        2.7505742403253208e+00        1.0011472058440773e+00        0.0000000000000000e+00        1.6168581161583688e+00        1.8134570195482678e+00        1.9900661706336173e+00
        2.9934533764265581e+00        1.9997921511837546e+00        1.3394738343727397e+00        0.0000000000000000e+00        0.0000000000000000e+00        0.0000000000000000e+00
        2.6131601553782247e+00        1.4976601007962387e+00        0.0000000000000000e+00        0.0000000000000000e+00        0.0000000000000000e+00        0.0000000000000000e+00
        1.1181861346443611e+00        1.2466238395191453e+00        0.0000000000000000e+00        1.6463726030665031e+00        1.6857117066422806e+00        1.9606529638918351e+00
        5.4517388555009205e+00        2.6137022208704508e+00        1.5015658926220254e+00        0.0000000000000000e+00        0.0000000000000000e+00        0.0000000000000000e+00
        3.4564369128879946e+00        9.9420055396954865e-01        0.0000000000000000e+00        0.0000000000000000e+00        0.0000000000000000e+00        0.0000000000000000e+00
        3.6923106053762922e+00        1.3656822124790580e+00        0.0000000000000000e+00        1.7839918128331016e+00        1.8232768261059684e+00        1.9704583274335430e+00
        3.1908384519493183e+00        1.9836764513062377e+00        9.1485641294077880e-01        0.0000000000000000e+00        0.0000000000000000e+00        0.0000000000000000e+00
       -1.3489347902492455e+00        6.1922701203762642e-01        0.0000000000000000e+00        0.0000000000000000e+00        0.0000000000000000e+00        0.0000000000000000e+00
        0.0000000000000000e+00        1.9793818920902595e+00        0.0000000000000000e+00        1.7446913603720704e+00        1.8723613998102511e+00        1.9998686506689123e+00
        2.4514819557605705e+00        1.9761223074272749e+00        1.4925390451431042e+00        0.0000000000000000e+00        0.0000000000000000e+00        0.0000000000000000e+00
        4.0340281457908134e+00        2.4678663326014316e-01        0.0000000000000000e+00        0.0000000000000000e+00        0.0000000000000000e+00        0.0000000000000000e+00
        3.4122090626077295e+00        1.6028771969615718e+00        0.0000000000000000e+00        1.8429135468367144e+00        1.9116117192230144e+00        1.9606529638918351e+00
        1.7024729243921399e+00        1.6007390398904420e+00        1.1570256001167678e+00        0.0000000000000000e+00        0.0000000000000000e+00        0.0000000000000000e+00
       -8.5093454409062019e-01        9.8400989523668159e-01        0.0000000000000000e+00        0.0000000000000000e+00        0.0000000000000000e+00        0.0000000000000000e+00
        1.0939479106564676e+00        1.8428465357136048e+00        0.0000000000000000e+00        1.7053754565827621e+00        1.8036362486098574e+00        1.9606529638918351e+00
        2.7911222574644512e+00        8.5902749488333541e-01        1.8935920925038374e+00        0.0000000000000000e+00        0.0000000000000000e+00        0.0000000000000000e+00
        1.6957709494054285e+00        0.0000000000000000e+00        0.0000000000000000e+00        0.0000000000000000e+00        0.0000000000000000e+00        0.0000000000000000e+00
        1.5725016110430090e+00        2.6958042584411146e+00        0.0000000000000000e+00        1.5479570848386375e+00        1.7446913603720704e+00        1.9508466388043013e+00
       -1.0884354487711079e+00       -4.8969598720773888e-01        1.1072955243587757e+00        0.0000000000000000e+00        0.0000000000000000e+00        0.0000000000000000e+00
        4.8387097429838377e-01        1.2238654808943039e+00        0.0000000000000000e+00        0.0000000000000000e+00        0.0000000000000000e+00        0.0000000000000000e+00
        1.6920135747188425e+00        1.1004127318575030e+00        0.0000000000000000e+00        1.5184135325040056e+00        1.7053754565827621e+00        1.9312311032372884e+00
        1.9308129668406337e+00        3.6658011587960004e-01        5.7294873720614703e-01        0.0000000000000000e+00        0.0000000000000000e+00        0.0000000000000000e+00
        7.2325466780078784e-01        1.2216849081596592e-01        0.0000000000000000e+00        0.0000000000000000e+00        0.0000000000000000e+00        0.0000000000000000e+00
        9.6366196706654250e-01        1.3430331564180165e+00        0.0000000000000000e+00        1.4691548742989682e+00        1.6562088298978230e+00        1.9116117192230144e+00
       -2.1693287016653073e+00        1.2201942152998413e-01        2.8616690882792284e-01        0.0000000000000000e+00        0.0000000000000000e+00        0.0000000000000000e+00
        1.2062119927733761e-01        1.7069704158508614e+00        0.0000000000000000e+00        0.0000000000000000e+00        0.0000000000000000e+00        0.0000000000000000e+00
        2.4098813200126301e+00        7.3081610054153145e-01        0.0000000000000000e+00        1.3409686909917740e+00        1.5184135325040056e+00        1.8527304613883560e+00
        8.4231640460217250e-01        9.7372964060831180e-01        1.9974563800779777e+00        0.0000000000000000e+00        0.0000000000000000e+00        0.0000000000000000e+00
        9.6192389920410903e-01        1.9450921085763184e+00        0.0000000000000000e+00        0.0000000000000000e+00        0.0000000000000000e+00        0.0000000000000000e+00
       -3.6063110714756874e-01        6.0719527683161800e-01        0.0000000000000000e+00        1.2323749688831902e+00        1.4395880283732339e+00        1.8330956684723418e+00
        3.6063110714756874e-01        8.4955755760844909e-01        3.6579792215540863e-01        0.0000000000000000e+00        0.0000000000000000e+00        0.0000000000000000e+00
       -1.0822186213736984e+00       -1.0923988009743368e+00        0.0000000000000000e+00        0.0000000000000000e+00        0.0000000000000000e+00        0.0000000000000000e+00
        9.6202029403329448e-01        9.7107025327503038e-01        0.0000000000000000e+00        1.1730922875698699e+00        1.4790085472635346e+00        1.8429135468367144e+00
        0.0000000000000000e+00        1.2132854769930645e-01        7.3059381041353788e-01        0.0000000000000000e+00        0.0000000000000000e+00        0.0000000000000000e+00
        6.0087127588630551e-01        1.6973128713726027e+00        0.0000000000000000e+00        0.0000000000000000e+00        0.0000000000000000e+00        0.0000000000000000e+00
        1.2008406886220513e+00        7.2668552886909765e-01        0.0000000000000000e+00        1.0643160098479760e+00        1.3607003406216946e+00        1.7839918128331016e+00
       -1.3209908764572731e+00       -4.8440812041476988e-01        1.3359660210046087e+00        0.0000000000000000e+00        0.0000000000000000e+00        0.0000000000000000e+00
       -8.4138832514994988e-01        1.4526381275565825e+00        0.0000000000000000e+00        0.0000000000000000e+00        0.0000000000000000e+00        0.0000000000000000e+00
       -3.3714651918590022e+00        1.0883257661390644e+00        0.0000000000000000e+00        7.5712654963181258e-01        1.2126179797840555e+00        1.7545179215748865e+00
       -1.9308129668406337e+00        2.8973857134211300e+00        2.1765470873884141e+00        0.0000000000000000e+00        0.0000000000000000e+00        0.0000000000000000e+00
        4.4602994743300428e+00        2.2888126197987191e+00        0.0000000000000000e+00        0.0000000000000000e+00        0.0000000000000000e+00        0.0000000000000000e+00
        2.2839976842540466e+00        2.4067388769068998e-01        0.0000000000000000e+00        9.7522914426783014e-01        1.4297304700824394e+00        1.8232768261059684e+00
        1.2003602081229303e+00        6.0147362293747619e-01        1.3643672939011253e+00        0.0000000000000000e+00        0.0000000000000000e+00        0.0000000000000000e+00
        2.2773816953751691e+00        1.4423078659397959e+00        0.0000000000000000e+00        0.0000000000000000e+00        0.0000000000000000e+00        0.0000000000000000e+00
        4.7889853972975516e-01        6.0045035028153393e-01        0.0000000000000000e+00        1.2027380212718455e+00        1.5282623531156982e+00        1.8429135468367144e+00
       -1.0777906018685002e+00        3.6012604681801008e-01        1.5193940699802511e+00        0.0000000000000000e+00        0.0000000000000000e+00        0.0000000000000000e+00
       -7.1906523673632705e-01        1.6791606937790249e+00        0.0000000000000000e+00        0.0000000000000000e+00        0.0000000000000000e+00        0.0000000000000000e+00
       -7.1949637410746448e-01        7.1892163907669726e-01        0.0000000000000000e+00        1.0939940038334264e+00        1.5184135325040056e+00        1.8429135468367144e+00
        9.5923266498623150e-01        1.6758107461679828e+00        7.1770354182802976e-01        0.0000000000000000e+00        0.0000000000000000e+00        0.0000000000000000e+00
        3.5951465790411419e-01        5.9793712931792697e-01        0.0000000000000000e+00        0.0000000000000000e+00        0.0000000000000000e+00        0.0000000000000000e+00
       -2.3988013985011492e+00        5.9763933702043914e-01        0.0000000000000000e+00        1.1434377625663170e+00        1.4987129808248238e+00        1.7839918128331016e+00
       -3.2460070887196935e+00        8.3619534517005434e-01        9.1519562431443546e-01        0.0000000000000000e+00        0.0000000000000000e+00        0.0000000000000000e+00
       -7.2252887280654932e-01        1.1935549024546077e+00        0.0000000000000000e+00        0.0000000000000000e+00        0.0000000000000000e+00        0.0000000000000000e+00
        2.6471483711763000e+00        1.3115406939242291e+00        0.0000000000000000e+00        1.0939940038334264e+00        1.4987129808248238e+00        1.7938145131012999e+00
        1.2018628884753468e-01       -9.5370559361285245e-01        6.3542507405500714e-01        0.0000000000000000e+00        0.0000000000000000e+00        0.0000000000000000e+00
        2.8808656429244905e+00        1.0728655162566270e+00        0.0000000000000000e+00        0.0000000000000000e+00        0.0000000000000000e+00        0.0000000000000000e+00
        2.5150964843547285e+00        4.7652140008729305e-01        0.0000000000000000e+00        1.1335509663745680e+00        1.4395880283732339e+00        1.7839918128331016e+00
        2.3925830006490401e-01        7.1442748686898483e-01        9.5124896198690578e-01        0.0000000000000000e+00        0.0000000000000000e+00        0.0000000000000000e+00
       -2.3925830006490401e-01        9.5190882532563137e-01        0.0000000000000000e+00        0.0000000000000000e+00        0.0000000000000000e+00        0.0000000000000000e+00
        1.5543269248293967e+00        9.5115431512944326e-01        0.0000000000000000e+00        1.2027380212718455e+00        1.4297304700824394e+00        1.8134570195482678e+00
        2.5065906562595330e+00        1.5440196122355587e+00        5.1431687022542860e-01        0.0000000000000000e+00        0.0000000000000000e+00        0.0000000000000000e+00
        1.3108894495942991e+00        1.0677740582909934e+00        0.0000000000000000e+00        0.0000000000000000e+00        0.0000000000000000e+00        0.0000000000000000e+00
        3.5678916274047623e+00        1.0668247850379231e+00        0.0000000000000000e+00        1.3705647056111967e+00        1.5184135325040056e+00        1.8036362486098574e+00
        4.1491767689436188e+00        7.1068998227730162e-01        1.2632004971710131e+00        0.0000000000000000e+00        0.0000000000000000e+00        0.0000000000000000e+00
        2.1282890592193127e+00        9.4693238293039883e-01        0.0000000000000000e+00        0.0000000000000000e+00        0.0000000000000000e+00        0.0000000000000000e+00
       -1.0636726948469288e+00        1.5371731914250120e+00        0.0000000000000000e+00        1.4691548742989682e+00        1.6168581161583688e+00        1.7839918128331016e+00
        2.1264033916111202e+00        2.7147997611510988e+00        1.6519197519503592e+00        0.0000000000000000e+00        0.0000000000000000e+00        0.0000000000000000e+00
       -1.5353577213851111e+00       -5.8965162603499266e-01        0.0000000000000000e+00        0.0000000000000000e+00        0.0000000000000000e+00        0.0000000000000000e+00
       -4.7281324488785970e-01        8.2543117291784540e-01        0.0000000000000000e+00        1.4395880283732339e+00        1.6168581161583688e+00        1.8134570195482678e+00
        9.4544026950877935e-01        1.7668714848507960e+00        1.0975019134061625e+00        0.0000000000000000e+00        0.0000000000000000e+00        0.0000000000000000e+00
        2.1245210624556421e+00        1.2940543384331704e+00        0.0000000000000000e+00        0.0000000000000000e+00        0.0000000000000000e+00        0.0000000000000000e+00
        2.5915392422373174e+00        1.0577347533665460e+00        0.0000000000000000e+00        1.4691548742989682e+00        1.6365354086264230e+00        1.8625464123164819e+00
        3.5295848090122206e-01       -1.8810624014452770e+00        1.3676562925745372e+00        0.0000000000000000e+00        0.0000000000000000e+00        0.0000000000000000e+00
        3.6411714913917592e+00        2.1159880090866778e+00        0.0000000000000000e+00        0.0000000000000000e+00        0.0000000000000000e+00        0.0000000000000000e+00
        1.2893774134269620e+00        8.2187763107093303e-01        0.0000000000000000e+00        1.5479570848386375e+00        1.7152058817565659e+00        1.8330956684723418e+00
        3.6262639088143089e+00        1.6420684802554320e+00        1.6738869252421296e+00        0.0000000000000000e+00        0.0000000000000000e+00        0.0000000000000000e+00
        0.0000000000000000e+00        8.2019238656592108e-01        0.0000000000000000e+00        0.0000000000000000e+00        0.0000000000000000e+00        0.0000000000000000e+00
        1.7507176183162443e+00        2.4572189366978137e+00        0.0000000000000000e+00        1.5479570848386375e+00        1.7152058817565659e+00        1.8527304613883560e+00
        1.7481671619901107e+00        3.5062089365638371e-01        1.3573138235919657e+00        0.0000000000000000e+00        0.0000000000000000e+00        0.0000000000000000e+00
        4.5333516404021168e+00        1.9849189638790676e+00        0.0000000000000000e+00        0.0000000000000000e+00        0.0000000000000000e+00        0.0000000000000000e+00
        1.5073193923495154e+00        0.0000000000000000e+00        0.0000000000000000e+00        1.6070180177494460e+00        1.7152058817565659e+00        1.8625464123164819e+00
        1.9682574724797064e+00        1.6321774594391769e+00        1.6227202782459926e+00        0.0000000000000000e+00        0.0000000000000000e+00        0.0000000000000000e+00
        1.2718602144524027e+00        6.9882560453038423e-01        0.0000000000000000e+00        0.0000000000000000e+00        0.0000000000000000e+00        0.0000000000000000e+00
        3.2313926047010000e+00        8.1478251347988362e-01        0.0000000000000000e+00        1.6562088298978230e+00        1.7643435172595281e+00        1.8625464123164819e+00
        2.4178468242165962e+00        4.6534174116814597e-01        1.9616367022624814e+00        0.0000000000000000e+00        0.0000000000000000e+00        0.0000000000000000e+00
       -1.1502516184229705e-01        0.0000000000000000e+00        0.0000000000000000e+00        0.0000000000000000e+00        0.0000000000000000e+00        0.0000000000000000e+00
       -3.4558918001000194e+00        4.6516135866880859e-01        0.0000000000000000e+00        1.5676479385007616e+00        1.6463726030665031e+00        1.8036362486098574e+00
        2.3070268262905813e-01        1.2782647797571656e+00        1.6082732751527828e+00        0.0000000000000000e+00        0.0000000000000000e+00        0.0000000000000000e+00
        1.4984872990879694e+00        1.1613839834900830e-01        0.0000000000000000e+00        1.5381102038302392e+00        1.5873349156290164e+00        0.0000000000000000e+00
        2.4166874626924795e+00        2.0885714032743863e+00        0.0000000000000000e+00        0.0000000000000000e+00        0.0000000000000000e+00        1.7741681476157127e+00
        3.7878457009238531e+00        4.2817924786660910e+00        1.5637683802186331e+00        0.0000000000000000e+00        0.0000000000000000e+00        0.0000000000000000e+00
        5.7287440816828905e-01       -1.2713702128323234e+00        0.0000000000000000e+00        0.0000000000000000e+00        0.0000000000000000e+00        0.0000000000000000e+00
        5.7260105109051551e-01        1.7333528941883003e+00        0.0000000000000000e+00        1.3212331472134899e+00        1.4790085472635346e+00        1.7250353406527672e+00
        1.1443830735696991e+00        1.5002165727594274e+00        1.7093231462638414e+00        0.0000000000000000e+00        0.0000000000000000e+00        0.0000000000000000e+00
        9.1472134014694007e-01        1.6135231013382878e+00        0.0000000000000000e+00        0.0000000000000000e+00        0.0000000000000000e+00        0.0000000000000000e+00
        7.9980959875847191e-01        1.0361203694507992e+00        0.0000000000000000e+00        1.2323749688831902e+00        1.3902905168991433e+00        1.6562088298978230e+00
        7.9927687430831895e-01        6.9025023473479052e-01        2.0793015018213623e+00        0.0000000000000000e+00        0.0000000000000000e+00        0.0000000000000000e+00
        1.3689515697024035e+00        5.7490539115221395e-01        0.0000000000000000e+00        0.0000000000000000e+00        0.0000000000000000e+00        0.0000000000000000e+00
        1.5951388600250027e+00        1.6082713492906464e+00        0.0000000000000000e+00        1.2718772407774612e+00        1.4100124378781627e+00        1.6463726030665031e+00
        7.9677498777357414e-01       -9.1874825044975239e-01        1.3927459607746329e+00        0.0000000000000000e+00        0.0000000000000000e+00        0.0000000000000000e+00
        1.1378182343939613e-01        1.8367936237137172e+00        0.0000000000000000e+00        0.0000000000000000e+00        0.0000000000000000e+00        0.0000000000000000e+00
       -3.0759023818959008e+00        2.2940164474363200e-01        0.0000000000000000e+00        1.0049335853001438e+00        1.3804280976397081e+00        1.6562088298978230e+00
       -1.9407320027106323e+00        1.6045847663018975e+00        4.6696771291415473e+00        0.0000000000000000e+00        0.0000000000000000e+00        0.0000000000000000e+00
       -2.1727742153743179e+00       -5.7281971587492819e-01        0.0000000000000000e+00        0.0000000000000000e+00        0.0000000000000000e+00        0.0000000000000000e+00
        2.5154844847321556e+00        4.5827764543950877e-01        0.0000000000000000e+00        1.0445257861538604e+00        1.2718772407774612e+00        1.6365354086264230e+00
        2.3962352849011381e+00        5.2576519957799661e+00       -3.9188556979933509e+00        0.0000000000000000e+00        0.0000000000000000e+00        0.0000000000000000e+00
       -5.5986771397918744e+00       -7.6655645136217032e+00        0.0000000000000000e+00        0.0000000000000000e+00        0.0000000000000000e+00        0.0000000000000000e+00
       -5.7276503402228229e-01       -5.7402536373274415e-01        0.0000000000000000e+00        1.0939940038334264e+00        1.2422519998557111e+00        1.6463726030665031e+00
        1.3741770754489124e+00        9.1830882614267750e-01        2.8030948629620411e+00        0.0000000000000000e+00        0.0000000000000000e+00        0.0000000000000000e+00
        1.2582814174194823e+00        1.1468986823533811e+00        0.0000000000000000e+00        0.0000000000000000e+00        0.0000000000000000e+00        0.0000000000000000e+00
        1.4853608180722233e+00        6.8761342727547969e-01        0.0000000000000000e+00        1.2916225266546228e+00        1.3508350024792302e+00        1.6758783814954623e+00
        1.3286154174350528e+01        1.1743003786343564e+01        2.7835881297214371e+00        0.0000000000000000e+00        0.0000000000000000e+00        0.0000000000000000e+00
        1.0159447481385087e+00       -9.0797318244710823e-01        0.0000000000000000e+00        0.0000000000000000e+00        0.0000000000000000e+00        0.0000000000000000e+00
        2.1419518111283509e+00       -1.4769232633586427e+00        0.0000000000000000e+00        1.3113639145383205e+00        1.3705647056111967e+00        1.6660440893107169e+00
        2.0256968141520559e+00        0.0000000000000000e+00        2.9577596319469990e-01        0.0000000000000000e+00        0.0000000000000000e+00        0.0000000000000000e+00
        1.7977531452263662e+00        1.1362561212553857e+00        0.0000000000000000e+00        0.0000000000000000e+00        0.0000000000000000e+00        0.0000000000000000e+00
        3.3635451340430222e+00        2.3826415429429204e+00        0.0000000000000000e+00        1.4198719399812927e+00        1.4987129808248238e+00        1.8036362486098574e+00
        7.2554985927318683e+00        5.8795934075828171e+00        0.0000000000000000e+00        0.0000000000000000e+00        0.0000000000000000e+00        0.0000000000000000e+00
        3.6668392808078210e+00        2.2537334073252424e+00        0.0000000000000000e+00        0.0000000000000000e+00        0.0000000000000000e+00        0.0000000000000000e+00
        2.5490658396055466e+00        6.7529545957683013e-01        0.0000000000000000e+00        0.0000000000000000e+00        0.0000000000000000e+00        0.0000000000000000e+00
